// Name: c_zom_farmgirl_viewhands.XMODEL_EXPORT
// Site: www.tom-crowley.co.uk
// Generated By Lime: COD In game exporter
// Total Meshes: 2
// Scale: 0.000000
MODEL
VERSION 6

NUMBONES 72
BONE 0 -1 "tag_view"
BONE 1 0 "tag_ads"
BONE 2 0 "tag_cambone"
BONE 3 2 "tag_camera"
BONE 4 1 "tag_torso"
BONE 5 4 "j_shoulder_le"
BONE 6 4 "j_shoulder_ri"
BONE 7 3 "tag_gasmask"
BONE 8 3 "tag_gasmask2"
BONE 9 4 "tag_weapon"
BONE 10 4 "tag_weapon1"
BONE 11 5 "j_elbow_le"
BONE 12 6 "j_elbow_ri"
BONE 13 11 "j_sleave_reshape_bottom_le_1"
BONE 14 11 "j_sleave_reshape_bottom_le_2"
BONE 15 11 "j_sleave_reshape_top_le_1"
BONE 16 11 "j_sleave_reshape_top_le_2"
BONE 17 11 "j_sleave_reshape_top_le_3"
BONE 18 12 "j_sleave_reshape_top_ri_1"
BONE 19 12 "j_sleave_reshape_top_ri_2"
BONE 20 12 "j_sleave_reshape_top_ri_3"
BONE 21 11 "j_wrist_le"
BONE 22 12 "j_wrist_ri"
BONE 23 11 "j_wristtwist_le"
BONE 24 12 "j_wristtwist_ri"
BONE 25 21 "j_index_le_0"
BONE 26 22 "j_index_ri_0"
BONE 27 21 "j_mid_le_0"
BONE 28 22 "j_mid_ri_0"
BONE 29 21 "j_pinkypalm_le"
BONE 30 22 "j_pinkypalm_ri"
BONE 31 21 "j_ringpalm_le"
BONE 32 22 "j_ringpalm_ri"
BONE 33 21 "j_thumb_le_0"
BONE 34 22 "j_thumb_ri_0"
BONE 35 21 "j_webbing_le"
BONE 36 22 "j_webbing_ri"
BONE 37 21 "tag_knife_attach"
BONE 38 25 "j_index_le_1"
BONE 39 26 "j_index_ri_1"
BONE 40 27 "j_mid_le_1"
BONE 41 28 "j_mid_ri_1"
BONE 42 29 "j_pinky_le_0"
BONE 43 30 "j_pinky_ri_0"
BONE 44 31 "j_ring_le_0"
BONE 45 32 "j_ring_ri_0"
BONE 46 33 "j_thumb_le_1"
BONE 47 34 "j_thumb_ri_1"
BONE 48 38 "j_index_le_2"
BONE 49 39 "j_index_ri_2"
BONE 50 40 "j_mid_le_2"
BONE 51 41 "j_mid_ri_2"
BONE 52 42 "j_pinky_le_1"
BONE 53 43 "j_pinky_ri_1"
BONE 54 44 "j_ring_le_1"
BONE 55 45 "j_ring_ri_1"
BONE 56 46 "j_thumb_le_2"
BONE 57 47 "j_thumb_ri_2"
BONE 58 48 "j_index_le_3"
BONE 59 49 "j_index_ri_3"
BONE 60 50 "j_mid_le_3"
BONE 61 51 "j_mid_ri_3"
BONE 62 52 "j_pinky_le_2"
BONE 63 53 "j_pinky_ri_2"
BONE 64 54 "j_ring_le_2"
BONE 65 55 "j_ring_ri_2"
BONE 66 56 "j_thumb_le_3"
BONE 67 57 "j_thumb_ri_3"
BONE 68 62 "j_pinky_le_3"
BONE 69 63 "j_pinky_ri_3"
BONE 70 64 "j_ring_le_3"
BONE 71 65 "j_ring_ri_3"

BONE 0
OFFSET 0.000000, 0.000000, 0.000000
SCALE 1.000000, 1.000000, 1.000000
X 1.000000, 0.000000, 0.000000
Y 0.000000, 1.000000, 0.000000
Z 0.000000, 0.000000, 1.000000

BONE 1
OFFSET 0.000000, 0.000000, 0.000000
SCALE 1.000000, 1.000000, 1.000000
X 1.000000, 0.000000, 0.000000
Y 0.000000, 1.000000, 0.000000
Z 0.000000, 0.000000, 1.000000

BONE 2
OFFSET 0.000000, 0.000000, 0.000000
SCALE 1.000000, 1.000000, 1.000000
X 1.000000, 0.000000, 0.000000
Y 0.000000, 1.000000, 0.000000
Z 0.000000, 0.000000, 1.000000

BONE 3
OFFSET 0.000000, 0.000000, 0.000000
SCALE 1.000000, 1.000000, 1.000000
X 1.000000, 0.000000, 0.000000
Y 0.000000, 1.000000, 0.000000
Z 0.000000, 0.000000, 1.000000

BONE 4
OFFSET -4.631834, 0.000000, -1.376957
SCALE 1.000000, 1.000000, 1.000000
X 1.000000, 0.000000, 0.000000
Y 0.000000, 1.000000, 0.000000
Z 0.000000, 0.000000, 1.000000

BONE 5
OFFSET -3.506030, 7.937290, -3.186913
SCALE 1.000000, 1.000000, 1.000000
X 0.472997, 0.011352, -0.880991
Y 0.446743, -0.864936, 0.228707
Z -0.759404, -0.501754, -0.414184

BONE 6
OFFSET -3.506032, -7.937284, -3.186913
SCALE 1.000000, 1.000000, 1.000000
X -0.473003, 0.011330, 0.880988
Y -0.446733, -0.864936, -0.228727
Z 0.759407, -0.501755, 0.414178

BONE 7
OFFSET 1.540442, 0.000000, 4.135742
SCALE 1.000000, 1.000000, 1.000000
X 1.000000, 0.000000, 0.000000
Y 0.000000, 1.000000, 0.000000
Z 0.000000, 0.000000, 1.000000

BONE 8
OFFSET -4.631834, 0.000000, -1.376957
SCALE 1.000000, 1.000000, 1.000000
X 1.000000, 0.000000, 0.000000
Y 0.000000, 1.000000, 0.000000
Z 0.000000, 0.000000, 1.000000

BONE 9
OFFSET 10.527968, 0.000000, -8.129677
SCALE 1.000000, 1.000000, 1.000000
X 1.000000, 0.000000, 0.000000
Y 0.000000, 1.000000, 0.000000
Z 0.000000, 0.000000, 1.000000

BONE 10
OFFSET 10.527968, 0.000000, -8.129677
SCALE 1.000000, 1.000000, 1.000000
X 1.000000, 0.000000, 0.000000
Y 0.000000, 1.000000, 0.000000
Z 0.000000, 0.000000, 1.000000

BONE 11
OFFSET 2.214530, 8.073779, -13.841436
SCALE 1.000000, 1.000000, 1.000000
X 0.999978, -0.002835, 0.005960
Y -0.006000, -0.014296, 0.999880
Z -0.002749, -0.999894, -0.014313

BONE 12
OFFSET 2.213910, -8.076347, -13.841716
SCALE 1.000000, 1.000000, 1.000000
X -0.999978, -0.002845, -0.005966
Y 0.006006, -0.014277, -0.999880
Z 0.002759, -0.999894, 0.014293

BONE 13
OFFSET 12.125325, 8.957940, -14.825665
SCALE 1.000000, 1.000000, 1.000000
X 1.000000, -0.000030, 0.000024
Y 0.000030, 1.000000, -0.000138
Z -0.000024, 0.000138, 1.000000

BONE 14
OFFSET 11.739447, 7.334916, -15.050508
SCALE 1.000000, 1.000000, 1.000000
X 1.000000, -0.000030, 0.000024
Y 0.000030, 1.000000, -0.000138
Z -0.000024, 0.000138, 1.000000

BONE 15
OFFSET 12.634724, 8.809983, -12.285034
SCALE 1.000000, 1.000000, 1.000000
X 1.000000, -0.000030, 0.000024
Y 0.000030, 1.000000, -0.000138
Z -0.000024, 0.000138, 1.000000

BONE 16
OFFSET 12.530292, 7.482571, -12.088645
SCALE 1.000000, 1.000000, 1.000000
X 1.000000, -0.000030, 0.000024
Y 0.000030, 1.000000, -0.000138
Z -0.000024, 0.000138, 1.000000

BONE 17
OFFSET 12.150341, 6.891028, -13.058904
SCALE 1.000000, 1.000000, 1.000000
X 1.000000, -0.000030, 0.000024
Y 0.000030, 1.000000, -0.000138
Z -0.000024, 0.000138, 1.000000

BONE 18
OFFSET 12.634109, -8.813210, -12.285803
SCALE 1.000000, 1.000000, 1.000000
X -1.000000, -0.000040, -0.000030
Y -0.000040, 1.000000, 0.000157
Z 0.000030, 0.000157, -1.000000

BONE 19
OFFSET 12.529818, -7.485748, -12.089654
SCALE 1.000000, 1.000000, 1.000000
X -1.000000, -0.000040, -0.000030
Y -0.000040, 1.000000, 0.000157
Z 0.000030, 0.000157, -1.000000

BONE 20
OFFSET 12.149878, -6.894342, -13.060017
SCALE 1.000000, 1.000000, 1.000000
X -1.000000, -0.000040, -0.000030
Y -0.000040, 1.000000, 0.000157
Z 0.000030, 0.000157, -1.000000

BONE 21
OFFSET 13.785378, 8.041634, -13.772465
SCALE 1.000000, 1.000000, 1.000000
X 0.996698, -0.023080, 0.077847
Y -0.077673, 0.008379, 0.996944
Z -0.023661, -0.999699, 0.006559

BONE 22
OFFSET 13.784769, -8.045230, -13.773412
SCALE 1.000000, 1.000000, 1.000000
X -0.996697, -0.023088, -0.077854
Y 0.077678, 0.008400, -0.996943
Z 0.023671, -0.999698, -0.006578

BONE 23
OFFSET 10.719771, 8.050150, -13.790738
SCALE 1.000000, 1.000000, 1.000000
X 0.999978, -0.002835, 0.005960
Y -0.006000, -0.014296, 0.999880
Z -0.002749, -0.999894, -0.014313

BONE 24
OFFSET 10.719139, -8.053485, -13.791520
SCALE 1.000000, 1.000000, 1.000000
X -0.999978, -0.002845, -0.005966
Y 0.006006, -0.014277, -0.999880
Z 0.002759, -0.999894, 0.014293

BONE 25
OFFSET 17.619253, 8.329861, -12.719684
SCALE 1.000000, 1.000000, 1.000000
X 0.770334, -0.621894, 0.140830
Y -0.611769, -0.783102, -0.111762
Z 0.179788, -0.000061, -0.983705

BONE 26
OFFSET 17.618668, -8.333612, -12.720796
SCALE 1.000000, 1.000000, 1.000000
X -0.770327, -0.621899, -0.140847
Y 0.611776, -0.783098, 0.111750
Z -0.179794, -0.000082, 0.983704

BONE 27
OFFSET 17.592993, 8.143808, -13.808329
SCALE 1.000000, 1.000000, 1.000000
X 0.786550, -0.616997, 0.025575
Y -0.616674, -0.786965, -0.019963
Z 0.032443, -0.000070, -0.999474

BONE 28
OFFSET 17.592354, -8.147761, -13.809497
SCALE 1.000000, 1.000000, 1.000000
X -0.786543, -0.617005, -0.025592
Y 0.616682, -0.786959, 0.019951
Z -0.032449, -0.000090, 0.999473

BONE 29
OFFSET 14.707186, 7.811036, -14.772728
SCALE 1.000000, 1.000000, 1.000000
X 0.860529, -0.066658, -0.505021
Y -0.090786, -0.995598, -0.023286
Z -0.501246, 0.065887, -0.862793

BONE 30
OFFSET 14.706534, -7.814939, -14.773803
SCALE 1.000000, 1.000000, 1.000000
X -0.860531, -0.066677, 0.505015
Y 0.090796, -0.995598, 0.023266
Z 0.501240, 0.065875, 0.862797

BONE 31
OFFSET 14.878078, 7.951203, -14.093992
SCALE 1.000000, 1.000000, 1.000000
X 0.972224, -0.030512, -0.232055
Y -0.040604, -0.998420, -0.038837
Z -0.230504, 0.047180, -0.971927

BONE 32
OFFSET 14.877447, -7.954990, -14.095028
SCALE 1.000000, 1.000000, 1.000000
X -0.972225, -0.030526, 0.232049
Y 0.040614, -0.998421, 0.038817
Z 0.230497, 0.047163, 0.971929

BONE 33
OFFSET 14.149082, 7.628969, -12.772627
SCALE 1.000000, 1.000000, 1.000000
X 0.614000, -0.475540, 0.629973
Y -0.500888, 0.382086, 0.776609
Z -0.610012, -0.792384, -0.003592

BONE 34
OFFSET 14.148565, -7.632426, -12.773709
SCALE 1.000000, 1.000000, 1.000000
X -0.613992, -0.475534, -0.629986
Y 0.500889, 0.382106, -0.776598
Z 0.610020, -0.792378, 0.003580

BONE 35
OFFSET 16.721928, 7.448291, -11.945984
SCALE 1.000000, 1.000000, 1.000000
X 0.946228, -0.301323, -0.117713
Y 0.309204, 0.949389, 0.055263
Z 0.095103, -0.088689, 0.991509

BONE 36
OFFSET 9.583507, -8.683544, -13.257589
SCALE 1.000000, 1.000000, 1.000000
X -0.946226, -0.301335, 0.117701
Y -0.309213, 0.949387, -0.055246
Z -0.095096, -0.088670, -0.991511

BONE 37
OFFSET 16.493498, 6.451228, -14.088530
SCALE 1.000000, 1.000000, 1.000000
X -0.281386, 0.000294, -0.959595
Y 0.023595, 0.999700, -0.006613
Z 0.959305, -0.024502, -0.281308

BONE 38
OFFSET 18.975615, 7.235036, -12.471622
SCALE 1.000000, 1.000000, 1.000000
X 0.426023, -0.903359, 0.049473
Y -0.880233, -0.426510, -0.208038
Z 0.209034, 0.045081, -0.976869

BONE 39
OFFSET 18.975147, -7.238859, -12.473032
SCALE 1.000000, 1.000000, 1.000000
X -0.426013, -0.903362, -0.049493
Y 0.880236, -0.426505, 0.208035
Z -0.209040, 0.045060, 0.976868

BONE 40
OFFSET 19.129646, 6.938585, -13.758221
SCALE 1.000000, 1.000000, 1.000000
X 0.028107, -0.999546, -0.010881
Y -0.999563, -0.028203, 0.008806
Z -0.009109, 0.010629, -0.999902

BONE 41
OFFSET 19.129114, -6.942672, -13.759688
SCALE 1.000000, 1.000000, 1.000000
X -0.028097, -0.999546, 0.010861
Y 0.999564, -0.028193, -0.008801
Z 0.009103, 0.010609, 0.999902

BONE 42
OFFSET 16.702551, 7.529599, -15.784589
SCALE 1.000000, 1.000000, 1.000000
X 0.856276, -0.436582, -0.276022
Y -0.415510, -0.899665, 0.133997
Z -0.306828, -0.000048, -0.951765

BONE 43
OFFSET 16.701876, -7.533864, -15.785823
SCALE 1.000000, 1.000000, 1.000000
X -0.856273, -0.436596, 0.276008
Y 0.415520, -0.899658, -0.134012
Z 0.306822, -0.000064, 0.951767

BONE 44
OFFSET 17.368011, 7.901117, -14.839759
SCALE 1.000000, 1.000000, 1.000000
X 0.831761, -0.508835, -0.221948
Y -0.491614, -0.860864, 0.131261
Z -0.257857, -0.000065, -0.966183

BONE 45
OFFSET 17.367350, -7.905264, -14.840952
SCALE 1.000000, 1.000000, 1.000000
X -0.831757, -0.508848, 0.221933
Y 0.491623, -0.860856, -0.131275
Z 0.257851, -0.000082, 0.966185

BONE 46
OFFSET 15.390185, 6.597044, -11.335800
SCALE 1.000000, 1.000000, 1.000000
X 0.914577, -0.402959, 0.034239
Y -0.079033, -0.095061, 0.992329
Z -0.396613, -0.910268, -0.118788

BONE 47
OFFSET 15.389853, -6.600334, -11.337139
SCALE 1.000000, 1.000000, 1.000000
X -0.914573, -0.402968, -0.034252
Y 0.079040, -0.095041, -0.992331
Z 0.396622, -0.910266, 0.118772

BONE 48
OFFSET 19.480898, 6.134134, -12.352005
SCALE 1.000000, 1.000000, 1.000000
X 0.139800, -0.988440, 0.058678
Y -0.965349, -0.149242, -0.214074
Z 0.220356, -0.026717, -0.975053

BONE 49
OFFSET 19.480534, -6.137982, -12.353681
SCALE 1.000000, 1.000000, 1.000000
X -0.139790, -0.988440, -0.058699
Y 0.965349, -0.149237, 0.214077
Z -0.220362, -0.026739, 0.975052

BONE 50
OFFSET 19.170822, 5.478613, -13.773904
SCALE 1.000000, 1.000000, 1.000000
X -0.530332, -0.847786, 0.002754
Y -0.845505, 0.529138, 0.071662
Z -0.062211, 0.035676, -0.997425

BONE 51
OFFSET 19.170460, -5.482717, -13.775684
SCALE 1.000000, 1.000000, 1.000000
X 0.530340, -0.847780, -0.002768
Y 0.845500, 0.529148, -0.071647
Z 0.062205, 0.035657, 0.997426

BONE 52
OFFSET 17.914898, 6.911531, -16.175308
SCALE 1.000000, 1.000000, 1.000000
X 0.129461, -0.991008, -0.033810
Y -0.958745, -0.133803, 0.250808
Z -0.253077, -0.000054, -0.967446

BONE 53
OFFSET 17.914267, -6.915998, -16.176704
SCALE 1.000000, 1.000000, 1.000000
X -0.129451, -0.991010, 0.033790
Y 0.958748, -0.133789, -0.250805
Z 0.253071, -0.000071, 0.967448

BONE 54
OFFSET 18.784136, 7.034866, -15.217529
SCALE 1.000000, 1.000000, 1.000000
X 0.018690, -0.999823, 0.002075
Y -0.972655, -0.017702, 0.231578
Z -0.231500, -0.006347, -0.972814

BONE 55
OFFSET 18.783550, -7.039215, -15.218966
SCALE 1.000000, 1.000000, 1.000000
X -0.018680, -0.999823, -0.002095
Y 0.972657, -0.017687, -0.231572
Z 0.231494, -0.006364, 0.972815

BONE 56
OFFSET 16.826984, 5.850341, -11.352942
SCALE 1.000000, 1.000000, 1.000000
X 0.780293, -0.439670, -0.444785
Y 0.353899, -0.275966, 0.893643
Z -0.515653, -0.854712, -0.059736

BONE 57
OFFSET 16.826704, -5.853755, -11.354510
SCALE 1.000000, 1.000000, 1.000000
X -0.780291, -0.439686, 0.444772
Y -0.353891, -0.275952, -0.893651
Z 0.515662, -0.854708, 0.059722

BONE 58
OFFSET 19.638884, 5.017677, -12.285593
SCALE 1.000000, 1.000000, 1.000000
X 0.887935, 0.448981, -0.099939
Y -0.450223, 0.892848, 0.011042
Z 0.094188, 0.035190, 0.994932

BONE 59
OFFSET 19.638615, -5.021543, -12.287476
SCALE 1.000000, 1.000000, 1.000000
X -0.887940, 0.448970, 0.099943
Y 0.450214, 0.892853, -0.011022
Z -0.094183, 0.035209, -0.994932

BONE 60
OFFSET 18.570408, 4.518250, -13.777748
SCALE 1.000000, 1.000000, 1.000000
X 0.950672, 0.309814, 0.015442
Y -0.309462, 0.950667, -0.021569
Z -0.021363, 0.015726, 0.999648

BONE 61
OFFSET 18.570105, -4.522313, -13.779655
SCALE 1.000000, 1.000000, 1.000000
X -0.950675, 0.309805, -0.015442
Y 0.309453, 0.950670, 0.021590
Z 0.021369, 0.015746, -0.999648

BONE 62
OFFSET 18.029751, 6.032877, -16.205191
SCALE 1.000000, 1.000000, 1.000000
X -0.508676, -0.843924, 0.170414
Y -0.800225, 0.536462, 0.268045
Z -0.317630, -0.000021, -0.948215

BONE 63
OFFSET 18.029175, -6.037351, -16.206762
SCALE 1.000000, 1.000000, 1.000000
X 0.508685, -0.843916, -0.170427
Y 0.800221, 0.536476, -0.268029
Z 0.317624, -0.000037, 0.948217

BONE 64
OFFSET 18.810154, 5.649185, -15.214506
SCALE 1.000000, 1.000000, 1.000000
X -0.560977, -0.817020, 0.133350
Y -0.794897, 0.576609, 0.188841
Z -0.231178, -0.000064, -0.972912

BONE 65
OFFSET 18.809689, -5.653550, -15.216221
SCALE 1.000000, 1.000000, 1.000000
X 0.560987, -0.817012, -0.133363
Y 0.794892, 0.576621, -0.188825
Z 0.231172, -0.000081, 0.972913

BONE 66
OFFSET 17.653250, 5.331058, -11.821396
SCALE 1.000000, 1.000000, 1.000000
X 0.980157, 0.167631, -0.105794
Y -0.164827, 0.985709, 0.034777
Z 0.110112, -0.016649, 0.993780

BONE 67
OFFSET 17.652994, -5.334669, -11.823116
SCALE 1.000000, 1.000000, 1.000000
X -0.980159, 0.167619, 0.105791
Y 0.164817, 0.985712, -0.034757
Z -0.110106, -0.016631, -0.993781

BONE 68
OFFSET 17.546576, 5.231096, -16.043213
SCALE 1.000000, 1.000000, 1.000000
X 0.937211, 0.308730, -0.162241
Y -0.317036, 0.948017, -0.027418
Z 0.145342, 0.077132, 0.986370

BONE 69
OFFSET 17.546070, -5.235488, -16.044922
SCALE 1.000000, 1.000000, 1.000000
X -0.937215, 0.308717, 0.162241
Y 0.317026, 0.948020, 0.027438
Z -0.145337, 0.077150, -0.986370

BONE 70
OFFSET 18.201839, 4.763063, -15.069795
SCALE 1.000000, 1.000000, 1.000000
X 0.902367, 0.340009, -0.264817
Y -0.319028, 0.940122, 0.119969
Z 0.289751, -0.023772, 0.956807

BONE 71
OFFSET 18.201469, -4.767319, -15.071627
SCALE 1.000000, 1.000000, 1.000000
X -0.902372, 0.339995, 0.264819
Y 0.319019, 0.940127, -0.119948
Z -0.289745, -0.023756, -0.956809

NUMVERTS 4634

VERT 0
OFFSET -2.487199, 7.597205, -11.389912
BONES 1
BONE 5 1.000000

VERT 1
OFFSET -1.544951, 7.673793, -12.748920
BONES 1
BONE 5 1.000000

VERT 2
OFFSET -1.520806, 8.522233, -12.622990
BONES 1
BONE 5 1.000000

VERT 3
OFFSET -2.506967, 8.499608, -11.109276
BONES 1
BONE 5 1.000000

VERT 4
OFFSET -3.477268, 7.502995, -9.541557
BONES 1
BONE 5 1.000000

VERT 5
OFFSET -3.565653, 8.408668, -9.101398
BONES 1
BONE 5 1.000000

VERT 6
OFFSET -4.044246, 7.541339, -8.307251
BONES 1
BONE 5 1.000000

VERT 7
OFFSET -4.161360, 8.461494, -7.870407
BONES 1
BONE 5 1.000000

VERT 8
OFFSET -7.177462, 6.870137, -5.004715
BONES 1
BONE 5 1.000000

VERT 9
OFFSET -1.242619, 9.274529, -12.427376
BONES 1
BONE 5 1.000000

VERT 10
OFFSET -2.307917, 9.312634, -10.720898
BONES 1
BONE 5 1.000000

VERT 11
OFFSET -3.458222, 9.154096, -8.490593
BONES 1
BONE 5 1.000000

VERT 12
OFFSET -4.093844, 9.220416, -7.279907
BONES 1
BONE 5 1.000000

VERT 13
OFFSET -6.982706, 9.079559, -3.484104
BONES 1
BONE 5 1.000000

VERT 14
OFFSET -3.920576, 9.815928, -6.552120
BONES 1
BONE 5 1.000000

VERT 15
OFFSET -3.517560, 10.261628, -5.669907
BONES 1
BONE 5 1.000000

VERT 16
OFFSET -5.044135, 10.471563, -2.034996
BONES 1
BONE 5 1.000000

VERT 17
OFFSET -0.699982, 9.788896, -11.893116
BONES 1
BONE 5 1.000000

VERT 18
OFFSET -1.873919, 9.912454, -10.168465
BONES 1
BONE 5 1.000000

VERT 19
OFFSET -3.217436, 9.728688, -7.851387
BONES 1
BONE 5 1.000000

VERT 20
OFFSET -2.708061, 10.142931, -7.219246
BONES 1
BONE 5 1.000000

VERT 21
OFFSET -1.825699, 10.382648, -6.548916
BONES 1
BONE 5 1.000000

VERT 22
OFFSET -2.738723, 10.402550, -4.810539
BONES 1
BONE 5 1.000000

VERT 23
OFFSET -3.059059, 10.495872, -1.125710
BONES 1
BONE 5 1.000000

VERT 24
OFFSET -0.090928, 10.267228, -11.385937
BONES 1
BONE 5 1.000000

VERT 25
OFFSET -1.286259, 10.353496, -9.584480
BONES 1
BONE 5 1.000000

VERT 26
OFFSET -0.489146, 10.396414, -8.951923
BONES 1
BONE 5 1.000000

VERT 27
OFFSET 0.246512, 10.180039, -8.362850
BONES 1
BONE 5 1.000000

VERT 28
OFFSET -0.969423, 10.300813, -6.052879
BONES 1
BONE 5 1.000000

VERT 29
OFFSET -1.855755, 10.199400, -4.267307
BONES 1
BONE 5 1.000000

VERT 30
OFFSET -1.395683, 9.235776, -0.866501
BONES 1
BONE 5 1.000000

VERT 31
OFFSET 0.597080, 10.178935, -10.721268
BONES 1
BONE 5 1.000000

VERT 32
OFFSET 1.245513, 10.110091, -10.088749
BONES 1
BONE 5 1.000000

VERT 33
OFFSET 1.776333, 9.745691, -9.470470
BONES 1
BONE 5 1.000000

VERT 34
OFFSET 0.735922, 9.538461, -7.922585
BONES 1
BONE 5 1.000000

VERT 35
OFFSET -0.100508, 9.648370, -5.733040
BONES 1
BONE 5 1.000000

VERT 36
OFFSET -0.778699, 9.490407, -3.947090
BONES 1
BONE 5 1.000000

VERT 37
OFFSET -0.819637, 7.731465, -1.318810
BONES 1
BONE 5 1.000000

VERT 38
OFFSET 0.025457, 8.547132, -4.066750
BONES 1
BONE 5 1.000000

VERT 39
OFFSET -0.813585, 6.735953, -2.162502
BONES 1
BONE 5 1.000000

VERT 40
OFFSET 2.274409, 8.945702, -9.082268
BONES 1
BONE 5 1.000000

VERT 41
OFFSET 1.332084, 8.768863, -7.645412
BONES 1
BONE 5 1.000000

VERT 42
OFFSET 0.565069, 8.690665, -5.730179
BONES 1
BONE 5 1.000000

VERT 43
OFFSET 1.639587, 7.824353, -7.701206
BONES 1
BONE 5 1.000000

VERT 44
OFFSET 0.754637, 7.640655, -5.983669
BONES 1
BONE 5 1.000000

VERT 45
OFFSET 0.428510, 7.503380, -4.566162
BONES 1
BONE 5 1.000000

VERT 46
OFFSET 0.401166, 6.703977, -5.190048
BONES 1
BONE 5 1.000000

VERT 47
OFFSET -0.779651, 6.203771, -2.825657
BONES 1
BONE 5 1.000000

VERT 48
OFFSET 0.089587, 6.051582, -5.826736
BONES 1
BONE 5 1.000000

VERT 49
OFFSET -1.917105, 5.478593, -3.726761
BONES 1
BONE 5 1.000000

VERT 50
OFFSET 2.483005, 8.032995, -9.125641
BONES 1
BONE 5 1.000000

VERT 51
OFFSET 1.623504, 7.051234, -8.078003
BONES 1
BONE 5 1.000000

VERT 52
OFFSET 0.812453, 6.821778, -6.414597
BONES 1
BONE 5 1.000000

VERT 53
OFFSET 2.641971, 7.183394, -9.365791
BONES 1
BONE 5 1.000000

VERT 54
OFFSET 1.431973, 6.327320, -8.610798
BONES 1
BONE 5 1.000000

VERT 55
OFFSET 0.590296, 6.135828, -7.004105
BONES 1
BONE 5 1.000000

VERT 56
OFFSET 2.928560, 8.095584, -9.370560
BONES 1
BONE 5 1.000000

VERT 57
OFFSET 2.923322, 7.193927, -9.699158
BONES 1
BONE 5 1.000000

VERT 58
OFFSET 2.283489, 6.552243, -9.925823
BONES 1
BONE 5 1.000000

VERT 59
OFFSET 1.024101, 5.881149, -9.283184
BONES 1
BONE 5 1.000000

VERT 60
OFFSET 0.106129, 5.665905, -7.629791
BONES 1
BONE 5 1.000000

VERT 61
OFFSET -0.374581, 5.522839, -6.498573
BONES 1
BONE 5 1.000000

VERT 62
OFFSET 2.640444, 6.464424, -10.171257
BONES 1
BONE 5 1.000000

VERT 63
OFFSET 1.842347, 6.001867, -10.565170
BONES 1
BONE 5 1.000000

VERT 64
OFFSET 0.429909, 5.630907, -9.917995
BONES 1
BONE 5 1.000000

VERT 65
OFFSET -0.471526, 5.358397, -8.270683
BONES 1
BONE 5 1.000000

VERT 66
OFFSET -0.996194, 5.213959, -7.126709
BONES 1
BONE 5 1.000000

VERT 67
OFFSET -3.060664, 4.813262, -5.179970
BONES 1
BONE 5 1.000000

VERT 68
OFFSET 3.001151, 7.357016, -10.427799
BONES 1
BONE 5 1.000000

VERT 69
OFFSET 1.248721, 5.740887, -11.278378
BONES 1
BONE 5 1.000000

VERT 70
OFFSET -0.218671, 5.431738, -10.519890
BONES 1
BONE 5 1.000000

VERT 71
OFFSET -1.169058, 5.209616, -8.842865
BONES 1
BONE 5 1.000000

VERT 72
OFFSET -1.746866, 5.134716, -7.690395
BONES 1
BONE 5 1.000000

VERT 73
OFFSET -2.479171, 5.282940, -8.098278
BONES 1
BONE 5 1.000000

VERT 74
OFFSET -3.131703, 5.791871, -8.292839
BONES 1
BONE 5 1.000000

VERT 75
OFFSET -4.630980, 4.620989, -5.689438
BONES 1
BONE 5 1.000000

VERT 76
OFFSET -3.711154, 6.656003, -8.388058
BONES 1
BONE 5 1.000000

VERT 77
OFFSET -5.975812, 5.365152, -5.539326
BONES 1
BONE 5 1.000000

VERT 78
OFFSET -1.892868, 5.319391, -9.288704
BONES 1
BONE 5 1.000000

VERT 79
OFFSET -0.906360, 5.559299, -11.007420
BONES 1
BONE 5 1.000000

VERT 80
OFFSET -1.621674, 5.969793, -11.359119
BONES 1
BONE 5 1.000000

VERT 81
OFFSET -2.609946, 5.767595, -9.588497
BONES 1
BONE 5 1.000000

VERT 82
OFFSET -3.180333, 6.547793, -9.677727
BONES 1
BONE 5 1.000000

VERT 83
OFFSET -3.477268, 7.502995, -9.541557
BONES 1
BONE 5 1.000000

VERT 84
OFFSET -4.044246, 7.541339, -8.307251
BONES 1
BONE 5 1.000000

VERT 85
OFFSET -7.177462, 6.870137, -5.004715
BONES 1
BONE 5 1.000000

VERT 86
OFFSET -0.766712, 6.230016, -12.630135
BONES 1
BONE 5 1.000000

VERT 87
OFFSET -1.283522, 6.823440, -12.743721
BONES 1
BONE 5 1.000000

VERT 88
OFFSET -2.194210, 6.677858, -11.459435
BONES 1
BONE 5 1.000000

VERT 89
OFFSET -2.487199, 7.597205, -11.389912
BONES 1
BONE 5 1.000000

VERT 90
OFFSET -1.544951, 7.673793, -12.748920
BONES 1
BONE 5 1.000000

VERT 91
OFFSET -0.922403, 7.718435, -13.626194
BONES 1
BONE 5 1.000000

VERT 92
OFFSET -1.544951, -7.673793, -12.748920
BONES 1
BONE 6 1.000000

VERT 93
OFFSET -2.487199, -7.597205, -11.389912
BONES 1
BONE 6 1.000000

VERT 94
OFFSET -1.520806, -8.522233, -12.622990
BONES 1
BONE 6 1.000000

VERT 95
OFFSET -2.506967, -8.499608, -11.109276
BONES 1
BONE 6 1.000000

VERT 96
OFFSET -1.242619, -9.274529, -12.427376
BONES 1
BONE 6 1.000000

VERT 97
OFFSET -2.307917, -9.312634, -10.720898
BONES 1
BONE 6 1.000000

VERT 98
OFFSET -0.699982, -9.788896, -11.893116
BONES 1
BONE 6 1.000000

VERT 99
OFFSET -1.873919, -9.912454, -10.168465
BONES 1
BONE 6 1.000000

VERT 100
OFFSET -0.090928, -10.267228, -11.385937
BONES 1
BONE 6 1.000000

VERT 101
OFFSET -3.477268, -7.502995, -9.541557
BONES 1
BONE 6 1.000000

VERT 102
OFFSET -3.565653, -8.408668, -9.101398
BONES 1
BONE 6 1.000000

VERT 103
OFFSET -3.458222, -9.154096, -8.490593
BONES 1
BONE 6 1.000000

VERT 104
OFFSET -3.217436, -9.728688, -7.851387
BONES 1
BONE 6 1.000000

VERT 105
OFFSET -1.286259, -10.353496, -9.584480
BONES 1
BONE 6 1.000000

VERT 106
OFFSET 0.597080, -10.178935, -10.721268
BONES 1
BONE 6 1.000000

VERT 107
OFFSET -0.489146, -10.396414, -8.951923
BONES 1
BONE 6 1.000000

VERT 108
OFFSET 1.245513, -10.110091, -10.088749
BONES 1
BONE 6 1.000000

VERT 109
OFFSET -4.044246, -7.541339, -8.307251
BONES 1
BONE 6 1.000000

VERT 110
OFFSET -4.161360, -8.461494, -7.870407
BONES 1
BONE 6 1.000000

VERT 111
OFFSET -4.093844, -9.220416, -7.279907
BONES 1
BONE 6 1.000000

VERT 112
OFFSET -3.920576, -9.815928, -6.552120
BONES 1
BONE 6 1.000000

VERT 113
OFFSET -2.708061, -10.142931, -7.219246
BONES 1
BONE 6 1.000000

VERT 114
OFFSET -1.825699, -10.382648, -6.548916
BONES 1
BONE 6 1.000000

VERT 115
OFFSET 0.246512, -10.180039, -8.362850
BONES 1
BONE 6 1.000000

VERT 116
OFFSET 1.776333, -9.745691, -9.470470
BONES 1
BONE 6 1.000000

VERT 117
OFFSET -7.177462, -6.870137, -5.004715
BONES 1
BONE 6 1.000000

VERT 118
OFFSET -6.982706, -9.079559, -3.484104
BONES 1
BONE 6 1.000000

VERT 119
OFFSET -3.517560, -10.261628, -5.669907
BONES 1
BONE 6 1.000000

VERT 120
OFFSET -2.738723, -10.402550, -4.810539
BONES 1
BONE 6 1.000000

VERT 121
OFFSET -0.969423, -10.300813, -6.052879
BONES 1
BONE 6 1.000000

VERT 122
OFFSET 0.735922, -9.538461, -7.922585
BONES 1
BONE 6 1.000000

VERT 123
OFFSET 2.274409, -8.945702, -9.082268
BONES 1
BONE 6 1.000000

VERT 124
OFFSET -5.044135, -10.471563, -2.034996
BONES 1
BONE 6 1.000000

VERT 125
OFFSET -3.059059, -10.495872, -1.125710
BONES 1
BONE 6 1.000000

VERT 126
OFFSET -1.855755, -10.199400, -4.267307
BONES 1
BONE 6 1.000000

VERT 127
OFFSET -0.778699, -9.490407, -3.947090
BONES 1
BONE 6 1.000000

VERT 128
OFFSET -0.100508, -9.648370, -5.733040
BONES 1
BONE 6 1.000000

VERT 129
OFFSET 0.565069, -8.690665, -5.730179
BONES 1
BONE 6 1.000000

VERT 130
OFFSET 1.332084, -8.768863, -7.645412
BONES 1
BONE 6 1.000000

VERT 131
OFFSET 1.639587, -7.824353, -7.701206
BONES 1
BONE 6 1.000000

VERT 132
OFFSET 2.483005, -8.032995, -9.125641
BONES 1
BONE 6 1.000000

VERT 133
OFFSET -1.395683, -9.235776, -0.866501
BONES 1
BONE 6 1.000000

VERT 134
OFFSET -0.819637, -7.731465, -1.318810
BONES 1
BONE 6 1.000000

VERT 135
OFFSET 0.025457, -8.547132, -4.066750
BONES 1
BONE 6 1.000000

VERT 136
OFFSET 0.428510, -7.503380, -4.566162
BONES 1
BONE 6 1.000000

VERT 137
OFFSET 0.754637, -7.640655, -5.983669
BONES 1
BONE 6 1.000000

VERT 138
OFFSET 0.812453, -6.821778, -6.414597
BONES 1
BONE 6 1.000000

VERT 139
OFFSET 1.623504, -7.051234, -8.078003
BONES 1
BONE 6 1.000000

VERT 140
OFFSET 2.641971, -7.183394, -9.365791
BONES 1
BONE 6 1.000000

VERT 141
OFFSET 2.928560, -8.095584, -9.370560
BONES 1
BONE 6 1.000000

VERT 142
OFFSET -0.813585, -6.735953, -2.162502
BONES 1
BONE 6 1.000000

VERT 143
OFFSET 0.401166, -6.703977, -5.190048
BONES 1
BONE 6 1.000000

VERT 144
OFFSET 0.089587, -6.051582, -5.826736
BONES 1
BONE 6 1.000000

VERT 145
OFFSET 0.590296, -6.135828, -7.004105
BONES 1
BONE 6 1.000000

VERT 146
OFFSET 1.431973, -6.327320, -8.610798
BONES 1
BONE 6 1.000000

VERT 147
OFFSET 2.283489, -6.552243, -9.925823
BONES 1
BONE 6 1.000000

VERT 148
OFFSET 2.923322, -7.193927, -9.699158
BONES 1
BONE 6 1.000000

VERT 149
OFFSET -0.779651, -6.203771, -2.825657
BONES 1
BONE 6 1.000000

VERT 150
OFFSET -1.917105, -5.478593, -3.726761
BONES 1
BONE 6 1.000000

VERT 151
OFFSET -0.374581, -5.522839, -6.498573
BONES 1
BONE 6 1.000000

VERT 152
OFFSET 0.106129, -5.665905, -7.629791
BONES 1
BONE 6 1.000000

VERT 153
OFFSET 1.024101, -5.881149, -9.283184
BONES 1
BONE 6 1.000000

VERT 154
OFFSET 1.842347, -6.001867, -10.565170
BONES 1
BONE 6 1.000000

VERT 155
OFFSET 2.640444, -6.464424, -10.171257
BONES 1
BONE 6 1.000000

VERT 156
OFFSET 3.001151, -7.357016, -10.427799
BONES 1
BONE 6 1.000000

VERT 157
OFFSET -0.996194, -5.213959, -7.126709
BONES 1
BONE 6 1.000000

VERT 158
OFFSET -0.471526, -5.358397, -8.270683
BONES 1
BONE 6 1.000000

VERT 159
OFFSET 0.429909, -5.630907, -9.917995
BONES 1
BONE 6 1.000000

VERT 160
OFFSET 1.248721, -5.740887, -11.278378
BONES 1
BONE 6 1.000000

VERT 161
OFFSET -0.218671, -5.431738, -10.519890
BONES 1
BONE 6 1.000000

VERT 162
OFFSET -3.060664, -4.813262, -5.179970
BONES 1
BONE 6 1.000000

VERT 163
OFFSET -1.746866, -5.134716, -7.690395
BONES 1
BONE 6 1.000000

VERT 164
OFFSET -1.169058, -5.209616, -8.842865
BONES 1
BONE 6 1.000000

VERT 165
OFFSET -1.892868, -5.319391, -9.288704
BONES 1
BONE 6 1.000000

VERT 166
OFFSET -0.906360, -5.559299, -11.007420
BONES 1
BONE 6 1.000000

VERT 167
OFFSET -1.621674, -5.969793, -11.359119
BONES 1
BONE 6 1.000000

VERT 168
OFFSET -0.766712, -6.230016, -12.630135
BONES 1
BONE 6 1.000000

VERT 169
OFFSET -1.283522, -6.823440, -12.743721
BONES 1
BONE 6 1.000000

VERT 170
OFFSET -2.479171, -5.282940, -8.098278
BONES 1
BONE 6 1.000000

VERT 171
OFFSET -2.609946, -5.767595, -9.588497
BONES 1
BONE 6 1.000000

VERT 172
OFFSET -2.194210, -6.677858, -11.459435
BONES 1
BONE 6 1.000000

VERT 173
OFFSET -1.544951, -7.673793, -12.748920
BONES 1
BONE 6 1.000000

VERT 174
OFFSET -0.922403, -7.718435, -13.626194
BONES 1
BONE 6 1.000000

VERT 175
OFFSET -3.131703, -5.791871, -8.292839
BONES 1
BONE 6 1.000000

VERT 176
OFFSET -3.180333, -6.547793, -9.677727
BONES 1
BONE 6 1.000000

VERT 177
OFFSET -2.487199, -7.597205, -11.389912
BONES 1
BONE 6 1.000000

VERT 178
OFFSET -4.630980, -4.620989, -5.689438
BONES 1
BONE 6 1.000000

VERT 179
OFFSET -3.711154, -6.656003, -8.388058
BONES 1
BONE 6 1.000000

VERT 180
OFFSET -3.477268, -7.502995, -9.541557
BONES 1
BONE 6 1.000000

VERT 181
OFFSET -5.975812, -5.365152, -5.539326
BONES 1
BONE 6 1.000000

VERT 182
OFFSET -4.044246, -7.541339, -8.307251
BONES 1
BONE 6 1.000000

VERT 183
OFFSET -7.177462, -6.870137, -5.004715
BONES 1
BONE 6 1.000000

VERT 184
OFFSET 4.703436, 5.948318, -14.140232
BONES 1
BONE 11 1.000000

VERT 185
OFFSET 5.344428, 6.310535, -14.393452
BONES 1
BONE 11 1.000000

VERT 186
OFFSET 4.920180, 6.246157, -13.560158
BONES 1
BONE 11 1.000000

VERT 187
OFFSET 5.023175, 5.894338, -14.331810
BONES 1
BONE 11 1.000000

VERT 188
OFFSET 4.934611, 5.730214, -14.645649
BONES 1
BONE 11 1.000000

VERT 189
OFFSET 4.386448, 9.771133, -11.477814
BONES 1
BONE 11 1.000000

VERT 190
OFFSET 4.345194, 9.374282, -11.196301
BONES 1
BONE 11 1.000000

VERT 191
OFFSET 3.984232, 9.703790, -11.555656
BONES 1
BONE 11 1.000000

VERT 192
OFFSET 4.117942, 10.462888, -12.126438
BONES 1
BONE 11 1.000000

VERT 193
OFFSET 3.852887, 10.112244, -12.299171
BONES 1
BONE 11 1.000000

VERT 194
OFFSET 3.763218, 10.625549, -13.042645
BONES 1
BONE 11 1.000000

VERT 195
OFFSET 3.479728, 10.561528, -13.042149
BONES 1
BONE 11 1.000000

VERT 196
OFFSET 3.647350, 10.587891, -14.047531
BONES 1
BONE 11 1.000000

VERT 197
OFFSET 3.427502, 10.382043, -14.018463
BONES 1
BONE 11 1.000000

VERT 198
OFFSET 3.403798, 10.218193, -14.997265
BONES 1
BONE 11 1.000000

VERT 199
OFFSET 3.822119, 10.449208, -14.971378
BONES 1
BONE 11 1.000000

VERT 200
OFFSET 3.971718, 10.468644, -14.039597
BONES 1
BONE 11 1.000000

VERT 201
OFFSET 3.982896, 10.236981, -13.173462
BONES 1
BONE 11 1.000000

VERT 202
OFFSET 3.763218, 10.625549, -13.042645
BONES 1
BONE 11 1.000000

VERT 203
OFFSET 4.115499, 9.894840, -12.464066
BONES 1
BONE 11 1.000000

VERT 204
OFFSET 2.881265, 10.506520, -14.044334
BONES 1
BONE 11 1.000000

VERT 205
OFFSET 2.969332, 10.083683, -14.906013
BONES 1
BONE 11 1.000000

VERT 206
OFFSET 2.992386, 9.531499, -15.693207
BONES 1
BONE 11 1.000000

VERT 207
OFFSET 3.361356, 9.666522, -15.832703
BONES 1
BONE 11 1.000000

VERT 208
OFFSET 3.782681, 9.641499, -15.783928
BONES 1
BONE 11 1.000000

VERT 209
OFFSET 4.104861, 10.078482, -14.946159
BONES 1
BONE 11 1.000000

VERT 210
OFFSET 4.154885, 10.667248, -14.063950
BONES 1
BONE 11 1.000000

VERT 211
OFFSET 2.449905, 10.131822, -14.914925
BONES 1
BONE 11 1.000000

VERT 212
OFFSET 2.551694, 9.481718, -15.649109
BONES 1
BONE 11 1.000000

VERT 213
OFFSET 2.207129, 10.396726, -13.976158
BONES 1
BONE 11 1.000000

VERT 214
OFFSET 3.363597, 8.847802, -16.253407
BONES 1
BONE 11 1.000000

VERT 215
OFFSET 3.735820, 9.404089, -16.104546
BONES 1
BONE 11 1.000000

VERT 216
OFFSET 4.131869, 9.702383, -15.878357
BONES 1
BONE 11 1.000000

VERT 217
OFFSET 4.397176, 9.868134, -15.669258
BONES 1
BONE 11 1.000000

VERT 218
OFFSET 4.500143, 10.118556, -15.019501
BONES 1
BONE 11 1.000000

VERT 219
OFFSET 4.368980, 10.255119, -14.024815
BONES 1
BONE 11 1.000000

VERT 220
OFFSET 4.406104, 10.500428, -13.093845
BONES 1
BONE 11 1.000000

VERT 221
OFFSET 3.765646, 8.786436, -16.195534
BONES 1
BONE 11 1.000000

VERT 222
OFFSET 4.340097, 8.799219, -16.333607
BONES 1
BONE 11 1.000000

VERT 223
OFFSET 4.361452, 9.628966, -15.840359
BONES 1
BONE 11 1.000000

VERT 224
OFFSET 4.668132, 9.575142, -15.857094
BONES 1
BONE 11 1.000000

VERT 225
OFFSET 4.851448, 10.167791, -15.144833
BONES 1
BONE 11 1.000000

VERT 226
OFFSET 3.696855, 8.059733, -16.402554
BONES 1
BONE 11 1.000000

VERT 227
OFFSET 4.345533, 8.042045, -16.445381
BONES 1
BONE 11 1.000000

VERT 228
OFFSET 4.648255, 8.790325, -16.289566
BONES 1
BONE 11 1.000000

VERT 229
OFFSET 3.276205, 8.083748, -16.367115
BONES 1
BONE 11 1.000000

VERT 230
OFFSET 4.658045, 8.050631, -16.472507
BONES 1
BONE 11 1.000000

VERT 231
OFFSET 5.367150, 8.082346, -16.446712
BONES 1
BONE 11 1.000000

VERT 232
OFFSET 5.369796, 8.793664, -16.310097
BONES 1
BONE 11 1.000000

VERT 233
OFFSET 5.414013, 9.478795, -15.870106
BONES 1
BONE 11 1.000000

VERT 234
OFFSET 5.562850, 9.983492, -15.201244
BONES 1
BONE 11 1.000000

VERT 235
OFFSET 5.036374, 10.332873, -14.135170
BONES 1
BONE 11 1.000000

VERT 236
OFFSET 4.797077, 10.488781, -14.096706
BONES 1
BONE 11 1.000000

VERT 237
OFFSET 4.640138, 10.280846, -14.062412
BONES 1
BONE 11 1.000000

VERT 238
OFFSET 5.764838, 10.308359, -14.208454
BONES 1
BONE 11 1.000000

VERT 239
OFFSET 5.155943, 10.291245, -13.195297
BONES 1
BONE 11 1.000000

VERT 240
OFFSET 4.978489, 10.215099, -13.193253
BONES 1
BONE 11 1.000000

VERT 241
OFFSET 4.818924, 10.458393, -13.128479
BONES 1
BONE 11 1.000000

VERT 242
OFFSET 4.965397, 10.081250, -12.338097
BONES 1
BONE 11 1.000000

VERT 243
OFFSET 4.855679, 10.326154, -12.180756
BONES 1
BONE 11 1.000000

VERT 244
OFFSET 4.694482, 10.493979, -13.105774
BONES 1
BONE 11 1.000000

VERT 245
OFFSET 4.573529, 10.318568, -13.120342
BONES 1
BONE 11 1.000000

VERT 246
OFFSET 5.862397, 10.317843, -13.226383
BONES 1
BONE 11 1.000000

VERT 247
OFFSET 5.267404, 10.074599, -12.372543
BONES 1
BONE 11 1.000000

VERT 248
OFFSET 5.095826, 9.569925, -11.515209
BONES 1
BONE 11 1.000000

VERT 249
OFFSET 4.927997, 9.604512, -11.565842
BONES 1
BONE 11 1.000000

VERT 250
OFFSET 4.704637, 10.248712, -12.252224
BONES 1
BONE 11 1.000000

VERT 251
OFFSET 5.999104, 9.955684, -12.453854
BONES 1
BONE 11 1.000000

VERT 252
OFFSET 5.873810, 9.300210, -12.125923
BONES 1
BONE 11 1.000000

VERT 253
OFFSET 5.098039, 9.416901, -12.016556
BONES 1
BONE 11 1.000000

VERT 254
OFFSET 4.837815, 8.806594, -11.596767
BONES 1
BONE 11 1.000000

VERT 255
OFFSET 5.067159, 8.797709, -11.484211
BONES 1
BONE 11 1.000000

VERT 256
OFFSET 4.877964, 8.253953, -11.405201
BONES 1
BONE 11 1.000000

VERT 257
OFFSET 4.596366, 8.081691, -11.379200
BONES 1
BONE 11 1.000000

VERT 258
OFFSET 4.721026, 8.850986, -11.292255
BONES 1
BONE 11 1.000000

VERT 259
OFFSET 5.218738, 8.756782, -11.630852
BONES 1
BONE 11 1.000000

VERT 260
OFFSET 4.873998, 8.133834, -11.551392
BONES 1
BONE 11 1.000000

VERT 261
OFFSET 4.802858, 8.086172, -11.407200
BONES 1
BONE 11 1.000000

VERT 262
OFFSET 4.524265, 7.443187, -11.624310
BONES 1
BONE 11 1.000000

VERT 263
OFFSET 4.779271, 7.599887, -11.955231
BONES 1
BONE 11 1.000000

VERT 264
OFFSET 5.942959, 8.692061, -11.834457
BONES 1
BONE 11 1.000000

VERT 265
OFFSET 5.171739, 8.160036, -11.735264
BONES 1
BONE 11 1.000000

VERT 266
OFFSET 4.779271, 7.599887, -11.955231
BONES 1
BONE 11 1.000000

VERT 267
OFFSET 5.053681, 7.578750, -11.714310
BONES 1
BONE 11 1.000000

VERT 268
OFFSET 4.741240, 7.037673, -11.970654
BONES 1
BONE 11 1.000000

VERT 269
OFFSET 5.138197, 7.564869, -11.959778
BONES 1
BONE 11 1.000000

VERT 270
OFFSET 4.649033, 6.799254, -12.103832
BONES 1
BONE 11 1.000000

VERT 271
OFFSET 5.892455, 8.137747, -11.880894
BONES 1
BONE 11 1.000000

VERT 272
OFFSET 5.846817, 7.583538, -12.068581
BONES 1
BONE 11 1.000000

VERT 273
OFFSET 5.842648, 7.054442, -12.464714
BONES 1
BONE 11 1.000000

VERT 274
OFFSET 5.009015, 6.958609, -12.324261
BONES 1
BONE 11 1.000000

VERT 275
OFFSET 4.490713, 6.743263, -12.500786
BONES 1
BONE 11 1.000000

VERT 276
OFFSET 4.409083, 6.480405, -12.687172
BONES 1
BONE 11 1.000000

VERT 277
OFFSET 5.130167, 6.562305, -12.912151
BONES 1
BONE 11 1.000000

VERT 278
OFFSET 4.290116, 6.230467, -13.437336
BONES 1
BONE 11 1.000000

VERT 279
OFFSET 4.938896, 6.275050, -13.634850
BONES 1
BONE 11 1.000000

VERT 280
OFFSET 5.753151, 6.647039, -13.002613
BONES 1
BONE 11 1.000000

VERT 281
OFFSET 5.566981, 6.395007, -13.755951
BONES 1
BONE 11 1.000000

VERT 282
OFFSET 4.750422, 6.133192, -14.281208
BONES 1
BONE 11 1.000000

VERT 283
OFFSET 4.604367, 6.249505, -15.079205
BONES 1
BONE 11 1.000000

VERT 284
OFFSET 5.289000, 6.380333, -15.213676
BONES 1
BONE 11 1.000000

VERT 285
OFFSET 4.397322, 6.688955, -15.769550
BONES 1
BONE 11 1.000000

VERT 286
OFFSET 3.917269, 6.488805, -15.744724
BONES 1
BONE 11 1.000000

VERT 287
OFFSET 3.868446, 6.045196, -15.066433
BONES 1
BONE 11 1.000000

VERT 288
OFFSET 5.377674, 6.790281, -15.883549
BONES 1
BONE 11 1.000000

VERT 289
OFFSET 4.626185, 7.351277, -16.269135
BONES 1
BONE 11 1.000000

VERT 290
OFFSET 4.169357, 7.304150, -16.164421
BONES 1
BONE 11 1.000000

VERT 291
OFFSET 3.520325, 7.219419, -16.355324
BONES 1
BONE 11 1.000000

VERT 292
OFFSET 3.696855, 8.059733, -16.402554
BONES 1
BONE 11 1.000000

VERT 293
OFFSET 3.276205, 8.083748, -16.367115
BONES 1
BONE 11 1.000000

VERT 294
OFFSET 3.113698, 7.285552, -16.146954
BONES 1
BONE 11 1.000000

VERT 295
OFFSET 5.419557, 7.409289, -16.286362
BONES 1
BONE 11 1.000000

VERT 296
OFFSET 4.658045, 8.050631, -16.472507
BONES 1
BONE 11 1.000000

VERT 297
OFFSET 4.345533, 8.042045, -16.445381
BONES 1
BONE 11 1.000000

VERT 298
OFFSET 5.367150, 8.082346, -16.446712
BONES 1
BONE 11 1.000000

VERT 299
OFFSET 4.307018, 8.064906, -11.283569
BONES 1
BONE 11 1.000000

VERT 300
OFFSET 4.837815, 8.806594, -11.596767
BONES 1
BONE 11 1.000000

VERT 301
OFFSET 4.818924, 10.458393, -13.128479
BONES 1
BONE 11 1.000000

VERT 302
OFFSET 4.573529, 10.318568, -13.120342
BONES 1
BONE 11 1.000000

VERT 303
OFFSET 4.154885, 10.667248, -14.063950
BONES 1
BONE 11 1.000000

VERT 304
OFFSET 4.583614, 9.960807, -12.503178
BONES 1
BONE 11 1.000000

VERT 305
OFFSET 4.375097, 9.362644, -11.838654
BONES 1
BONE 11 1.000000

VERT 306
OFFSET 4.811597, 9.388285, -11.940384
BONES 1
BONE 11 1.000000

VERT 307
OFFSET 4.502431, 8.731977, -11.552864
BONES 1
BONE 11 1.000000

VERT 308
OFFSET 4.398313, 8.855826, -11.106415
BONES 1
BONE 11 1.000000

VERT 309
OFFSET 4.345194, 9.374282, -11.196301
BONES 1
BONE 11 1.000000

VERT 310
OFFSET 4.386448, 9.771133, -11.477814
BONES 1
BONE 11 1.000000

VERT 311
OFFSET 4.115499, 9.894840, -12.464066
BONES 1
BONE 11 1.000000

VERT 312
OFFSET 4.502431, 8.731977, -11.552864
BONES 1
BONE 11 1.000000

VERT 313
OFFSET 4.307018, 8.064906, -11.283569
BONES 1
BONE 11 1.000000

VERT 314
OFFSET 4.406104, 10.500428, -13.093845
BONES 1
BONE 11 1.000000

VERT 315
OFFSET 4.117942, 10.462888, -12.126438
BONES 1
BONE 11 1.000000

VERT 316
OFFSET 5.344428, -6.310535, -14.393452
BONES 1
BONE 12 1.000000

VERT 317
OFFSET 4.703436, -5.948318, -14.140232
BONES 1
BONE 12 1.000000

VERT 318
OFFSET 4.920180, -6.246157, -13.560158
BONES 1
BONE 12 1.000000

VERT 319
OFFSET 4.837815, -8.806594, -11.596767
BONES 1
BONE 12 1.000000

VERT 320
OFFSET 5.267404, -10.074599, -12.372543
BONES 1
BONE 12 1.000000

VERT 321
OFFSET 5.095826, -9.569925, -11.515209
BONES 1
BONE 12 1.000000

VERT 322
OFFSET 4.934611, -5.730214, -14.645649
BONES 1
BONE 12 1.000000

VERT 323
OFFSET 5.023175, -5.894338, -14.331810
BONES 1
BONE 12 1.000000

VERT 324
OFFSET 4.307018, -8.064906, -11.283569
BONES 1
BONE 12 1.000000

VERT 325
OFFSET 4.721026, -8.850986, -11.292255
BONES 1
BONE 12 1.000000

VERT 326
OFFSET 4.502431, -8.731977, -11.552864
BONES 1
BONE 12 1.000000

VERT 327
OFFSET 4.811597, -9.388285, -11.940384
BONES 1
BONE 12 1.000000

VERT 328
OFFSET 4.927997, -9.604512, -11.565842
BONES 1
BONE 12 1.000000

VERT 329
OFFSET 4.704637, -10.248712, -12.252224
BONES 1
BONE 12 1.000000

VERT 330
OFFSET 4.583614, -9.960807, -12.503178
BONES 1
BONE 12 1.000000

VERT 331
OFFSET 4.375097, -9.362644, -11.838654
BONES 1
BONE 12 1.000000

VERT 332
OFFSET 4.502431, -8.731977, -11.552864
BONES 1
BONE 12 1.000000

VERT 333
OFFSET 4.398313, -8.855826, -11.106415
BONES 1
BONE 12 1.000000

VERT 334
OFFSET 4.307018, -8.064906, -11.283569
BONES 1
BONE 12 1.000000

VERT 335
OFFSET 4.855679, -10.326154, -12.180756
BONES 1
BONE 12 1.000000

VERT 336
OFFSET 4.694482, -10.493979, -13.105774
BONES 1
BONE 12 1.000000

VERT 337
OFFSET 4.573529, -10.318568, -13.120342
BONES 1
BONE 12 1.000000

VERT 338
OFFSET 4.640138, -10.280846, -14.062412
BONES 1
BONE 12 1.000000

VERT 339
OFFSET 4.818924, -10.458393, -13.128479
BONES 1
BONE 12 1.000000

VERT 340
OFFSET 4.837815, -8.806594, -11.596767
BONES 1
BONE 12 1.000000

VERT 341
OFFSET 4.596366, -8.081691, -11.379200
BONES 1
BONE 12 1.000000

VERT 342
