// Name: c_zom_player_farmgirl_dlc1_fb.XMODEL_EXPORT
// Site: www.tom-crowley.co.uk
// Generated By Lime: COD In game exporter
// Total Meshes: 5
// Scale: 0.000000
MODEL
VERSION 6

NUMBONES 105
BONE 0 -1 "tag_origin"
BONE 1 0 "j_mainroot"
BONE 2 1 "pelvis"
BONE 3 0 "tag_sync"
BONE 4 2 "j_hip_le"
BONE 5 2 "j_hip_ri"
BONE 6 2 "torso_stabilizer"
BONE 7 6 "j_spinelower"
BONE 8 7 "back_low"
BONE 9 4 "j_hiptwist_le"
BONE 10 5 "j_hiptwist_ri"
BONE 11 4 "j_knee_le"
BONE 12 5 "j_knee_ri"
BONE 13 8 "j_spineupper"
BONE 14 13 "back_mid"
BONE 15 11 "j_ankle_le"
BONE 16 12 "j_ankle_ri"
BONE 17 11 "j_knee_bulge_le"
BONE 18 12 "j_knee_bulge_ri"
BONE 19 14 "j_spine4"
BONE 20 15 "j_ball_le"
BONE 21 16 "j_ball_ri"
BONE 22 19 "j_clavicle_le"
BONE 23 19 "j_clavicle_ri"
BONE 24 19 "j_neck"
BONE 25 24 "neck"
BONE 26 19 "j_shoulderraise_le"
BONE 27 19 "j_shoulderraise_ri"
BONE 28 19 "tag_inhand"
BONE 29 19 "tag_stowed_back"
BONE 30 19 "tag_weapon_chest"
BONE 31 25 "j_head"
BONE 32 31 "head"
BONE 33 22 "j_shoulder_le"
BONE 34 23 "j_shoulder_ri"
BONE 35 34 "shoulder"
BONE 36 32 "j_brow_le"
BONE 37 32 "j_brow_ri"
BONE 38 32 "j_cheek_le"
BONE 39 32 "j_cheek_ri"
BONE 40 32 "j_cheekpuff_le"
BONE 41 32 "j_cheekpuff_ri"
BONE 42 33 "j_elbow_bulge_le"
BONE 43 35 "j_elbow_bulge_ri"
BONE 44 33 "j_elbow_le"
BONE 45 35 "j_elbow_ri"
BONE 46 32 "j_eye_lid_bot_le"
BONE 47 32 "j_eye_lid_bot_ri"
BONE 48 32 "j_eye_lid_top_le"
BONE 49 32 "j_eye_lid_top_ri"
BONE 50 32 "j_eyeball_le"
BONE 51 32 "j_eyeball_ri"
BONE 52 32 "j_head_end"
BONE 53 32 "j_head_ponytail_1"
BONE 54 32 "j_jaw"
BONE 55 32 "j_levator_le"
BONE 56 32 "j_levator_ri"
BONE 57 32 "j_lip_bot_le"
BONE 58 32 "j_lip_bot_ri"
BONE 59 32 "j_lip_top_le"
BONE 60 32 "j_lip_top_ri"
BONE 61 32 "j_mouth_le"
BONE 62 32 "j_mouth_ri"
BONE 63 33 "j_shouldertwist_le"
BONE 64 35 "j_shouldertwist_ri"
BONE 65 32 "tag_eye"
BONE 66 53 "j_head_ponytail_2"
BONE 67 52 "j_helmet"
BONE 68 44 "j_wrist_le"
BONE 69 45 "j_wrist_ri"
BONE 70 44 "j_wristtwist_le"
BONE 71 45 "j_wristtwist_ri"
BONE 72 66 "j_head_ponytail_3"
BONE 73 68 "j_index_le_1"
BONE 74 69 "j_index_ri_1"
BONE 75 68 "j_mid_le_1"
BONE 76 69 "j_mid_ri_1"
BONE 77 68 "j_pinky_le_1"
BONE 78 69 "j_pinky_ri_1"
BONE 79 68 "j_ring_le_1"
BONE 80 69 "j_ring_ri_1"
BONE 81 68 "j_thumb_le_1"
BONE 82 69 "j_thumb_ri_1"
BONE 83 68 "tag_weapon_left"
BONE 84 69 "tag_weapon_right"
BONE 85 73 "j_index_le_2"
BONE 86 74 "j_index_ri_2"
BONE 87 75 "j_mid_le_2"
BONE 88 76 "j_mid_ri_2"
BONE 89 77 "j_pinky_le_2"
BONE 90 78 "j_pinky_ri_2"
BONE 91 79 "j_ring_le_2"
BONE 92 80 "j_ring_ri_2"
BONE 93 81 "j_thumb_le_2"
BONE 94 82 "j_thumb_ri_2"
BONE 95 85 "j_index_le_3"
BONE 96 86 "j_index_ri_3"
BONE 97 87 "j_mid_le_3"
BONE 98 88 "j_mid_ri_3"
BONE 99 89 "j_pinky_le_3"
BONE 100 90 "j_pinky_ri_3"
BONE 101 91 "j_ring_le_3"
BONE 102 92 "j_ring_ri_3"
BONE 103 93 "j_thumb_le_3"
BONE 104 94 "j_thumb_ri_3"

BONE 0
OFFSET 0.000000, 0.000000, 0.000000
SCALE 1.000000, 1.000000, 1.000000
X 1.000000, 0.000000, 0.000000
Y 0.000000, 1.000000, 0.000000
Z 0.000000, 0.000000, 1.000000

BONE 1
OFFSET -3.440964, 0.000080, 37.227974
SCALE 1.000000, 1.000000, 1.000000
X -0.024904, 0.000064, 0.999690
Y 0.999690, -0.000063, 0.024904
Z 0.000064, 1.000000, -0.000063

BONE 2
OFFSET -3.440964, 0.000080, 37.227974
SCALE 1.000000, 1.000000, 1.000000
X -0.024904, 0.000064, 0.999690
Y 0.999690, -0.000063, 0.024904
Z 0.000064, 1.000000, -0.000063

BONE 3
OFFSET -0.002280, 0.000000, -0.000000
SCALE 1.000000, 1.000000, 1.000000
X 1.000000, 0.000000, 0.000000
Y 0.000000, 1.000000, 0.000000
Z 0.000000, 0.000000, 1.000000

BONE 4
OFFSET -3.440809, 4.865470, 37.227848
SCALE 1.000000, 1.000000, 1.000000
X -0.033774, -0.008707, -0.999392
Y 0.999419, -0.004961, -0.033732
Z -0.004664, -0.999950, 0.008869

BONE 5
OFFSET -3.441143, -4.865295, 37.228054
SCALE 1.000000, 1.000000, 1.000000
X 0.033771, -0.008848, 0.999390
Y -0.999421, -0.004333, 0.033734
Z 0.004032, -0.999951, -0.008989

BONE 6
OFFSET -3.440964, 0.000080, 37.227974
SCALE 1.000000, 1.000000, 1.000000
X 1.000000, -0.000000, 0.000000
Y -0.000000, 1.000000, -0.000000
Z 0.000000, -0.000000, 1.000000

BONE 7
OFFSET -3.370834, 0.000087, 42.432587
SCALE 1.000000, 1.000000, 1.000000
X -0.029853, 0.000009, 0.999554
Y 0.999554, -0.000009, 0.029853
Z 0.000009, 1.000000, -0.000009

BONE 8
OFFSET -3.370834, 0.000087, 42.432587
SCALE 1.000000, 1.000000, 1.000000
X -0.029853, 0.000009, 0.999554
Y 0.999554, -0.000009, 0.029853
Z 0.000009, 1.000000, -0.000009

BONE 9
OFFSET -3.547327, 4.821418, 34.080349
SCALE 1.000000, 1.000000, 1.000000
X -0.033774, -0.008707, -0.999392
Y 0.999419, -0.004961, -0.033732
Z -0.004664, -0.999950, 0.008869

BONE 10
OFFSET -3.547707, -4.838039, 34.080692
SCALE 1.000000, 1.000000, 1.000000
X 0.033771, -0.008848, 0.999390
Y -0.999421, -0.004333, 0.033734
Z 0.004032, -0.999951, -0.008989

BONE 11
OFFSET -4.033374, 4.620523, 19.727932
SCALE 1.000000, 1.000000, 1.000000
X -0.166829, -0.007967, -0.985954
Y 0.985975, -0.006078, -0.166784
Z -0.004664, -0.999950, 0.008869

BONE 12
OFFSET -4.034280, -4.713032, 19.727486
SCALE 1.000000, 1.000000, 1.000000
X 0.166887, -0.008190, 0.985942
Y -0.985968, -0.005476, 0.166846
Z 0.004032, -0.999951, -0.008989

BONE 13
OFFSET -3.353059, -0.000069, 47.652119
SCALE 1.000000, 1.000000, 1.000000
X 0.020441, 0.000009, 0.999791
Y 0.999791, -0.000010, -0.020441
Z 0.000009, 1.000000, -0.000009

BONE 14
OFFSET -3.353059, -0.000069, 47.652119
SCALE 1.000000, 1.000000, 1.000000
X 0.020441, 0.000009, 0.999791
Y 0.999791, -0.000010, -0.020441
Z 0.000009, 1.000000, -0.000009

BONE 15
OFFSET -6.563746, 4.420518, 4.778407
SCALE 1.000000, 1.000000, 1.000000
X 0.008849, 0.000245, -0.999961
Y 0.999825, 0.016480, 0.008852
Z 0.016482, -0.999864, -0.000099

BONE 16
OFFSET -6.565781, -4.606604, 4.777041
SCALE 1.000000, 1.000000, 1.000000
X -0.008847, 0.000071, 0.999961
Y -0.999814, 0.017118, -0.008847
Z -0.017118, -0.999853, -0.000081

BONE 17
OFFSET -2.158877, 4.612077, 19.741434
SCALE 1.000000, 1.000000, 1.000000
X -0.029912, 0.008494, 0.999552
Y 0.999553, 0.000766, 0.029913
Z -0.000512, 1.000000, -0.008513

BONE 18
OFFSET -2.155859, -4.679383, 19.765671
SCALE 1.000000, 1.000000, 1.000000
X 0.029914, 0.008594, -0.999563
Y -0.999552, 0.001401, -0.029911
Z 0.001143, 1.000010, 0.008632

BONE 19
OFFSET -3.289186, -0.000208, 51.758362
SCALE 1.000000, 1.000000, 1.000000
X 0.047100, 0.000009, 0.998890
Y 0.998890, -0.000010, -0.047100
Z 0.000009, 1.000000, -0.000009

BONE 20
OFFSET -0.984614, 4.560160, 0.332046
SCALE 1.000000, 1.000000, 1.000000
X 0.983092, 0.016187, 0.182397
Y -0.182370, -0.003104, 0.983225
Z 0.016482, -0.999864, -0.000099

BONE 21
OFFSET -0.985493, -4.728944, 0.331608
SCALE 1.000000, 1.000000, 1.000000
X -0.983082, 0.016799, -0.182391
Y 0.182365, -0.003082, -0.983226
Z -0.017079, -0.999854, -0.000033

BONE 22
OFFSET -3.236738, 1.356168, 56.400330
SCALE 1.000000, 1.000000, 1.000000
X 0.018246, 0.997203, 0.072486
Y -0.999655, 0.016827, 0.020144
Z 0.018868, -0.072829, 0.997166

BONE 23
OFFSET -3.236684, -1.357160, 56.400349
SCALE 1.000000, 1.000000, 1.000000
X -0.019405, 0.997186, -0.072414
Y 0.999657, 0.018077, -0.018963
Z -0.017600, -0.072757, -0.997194

BONE 24
OFFSET -2.724844, -0.000502, 60.542023
SCALE 1.000000, 1.000000, 1.000000
X 0.309777, 0.000006, 0.950809
Y 0.950809, -0.000012, -0.309777
Z 0.000009, 1.000000, -0.000009

BONE 25
OFFSET -2.724844, -0.000502, 60.542023
SCALE 1.000000, 1.000000, 1.000000
X 0.309777, 0.000006, 0.950809
Y 0.950809, -0.000012, -0.309777
Z 0.000009, 1.000000, -0.000009

BONE 26
OFFSET -3.142033, 4.024818, 58.859707
SCALE 1.000000, 1.000000, 1.000000
X -0.019424, -0.997187, -0.072396
Y 0.999656, -0.018096, -0.018962
Z 0.017599, -0.072739, 0.997196

BONE 27
OFFSET -3.141778, -4.025630, 58.859638
SCALE 1.000000, 1.000000, 1.000000
X 0.018309, -0.997206, 0.072417
Y -0.999658, -0.016903, 0.019970
Z -0.018690, -0.072757, -0.997175

BONE 28
OFFSET 10.491615, -28.519541, 38.933254
SCALE 1.000000, 1.000000, 1.000000
X -0.000010, 1.000000, -0.000059
Y 0.764245, -0.000030, -0.644926
Z -0.644926, -0.000051, -0.764245

BONE 29
OFFSET -10.509649, -3.447210, 51.019688
SCALE 1.000000, 1.000000, 1.000000
X -0.038233, -0.081882, -0.995908
Y 0.982844, 0.176876, -0.052274
Z 0.180432, -0.980821, 0.073715

BONE 30
OFFSET 10.491615, -28.519541, 38.933254
SCALE 1.000000, 1.000000, 1.000000
X 1.000000, 0.000025, -0.000027
Y -0.000025, 1.000000, 0.000027
Z 0.000027, -0.000027, 1.000000

BONE 31
OFFSET -1.913870, -0.000582, 63.520844
SCALE 1.000000, 1.000000, 1.000000
X 0.216448, 0.000007, 0.976294
Y 0.976294, -0.000011, -0.216448
Z 0.000009, 1.000000, -0.000009

BONE 32
OFFSET -1.913870, -0.000582, 63.520844
SCALE 1.000000, 1.000000, 1.000000
X 0.216448, 0.000007, 0.976294
Y 0.976294, -0.000011, -0.216448
Z 0.000009, 1.000000, -0.000009

BONE 33
OFFSET -3.112101, 7.724981, 56.863438
SCALE 1.000000, 1.000000, 1.000000
X 0.259038, 0.663347, -0.702047
Y -0.957341, 0.272698, -0.095570
Z 0.128051, 0.696854, 0.705689

BONE 34
OFFSET -3.112471, -7.725975, 56.862446
SCALE 1.000000, 1.000000, 1.000000
X -0.260694, 0.662956, 0.701803
Y 0.956887, 0.273884, 0.096725
Z -0.128088, 0.696761, -0.705774

BONE 35
OFFSET -3.112471, -7.725975, 56.862446
SCALE 1.000000, 1.000000, 1.000000
X -0.260694, 0.662956, 0.701803
Y 0.956887, 0.273884, 0.096725
Z -0.128088, 0.696761, -0.705774

BONE 36
OFFSET 2.681757, 1.505384, 66.065651
SCALE 1.000000, 1.000000, 1.000000
X 0.000084, 1.000000, -0.000102
Y -0.000065, 0.000102, 1.000000
Z 1.000000, -0.000084, 0.000065

BONE 37
OFFSET 2.718671, -1.439081, 66.073730
SCALE 1.000000, 1.000000, 1.000000
X 0.000084, 1.000000, -0.000102
Y -0.000065, 0.000102, 1.000000
Z 1.000000, -0.000084, 0.000065

BONE 38
OFFSET 1.844020, 2.075521, 64.255829
SCALE 1.000000, 1.000000, 1.000000
X 0.000084, 1.000000, -0.000102
Y -0.000065, 0.000102, 1.000000
Z 1.000000, -0.000084, 0.000065

BONE 39
OFFSET 1.881052, -2.056236, 64.245186
SCALE 1.000000, 1.000000, 1.000000
X 0.000084, 1.000000, -0.000102
Y -0.000065, 0.000102, 1.000000
Z 1.000000, -0.000084, 0.000065

BONE 40
OFFSET 1.379569, 1.837045, 62.223911
SCALE 1.000000, 1.000000, 1.000000
X 0.000084, 1.000000, -0.000102
Y -0.000065, 0.000102, 1.000000
Z 1.000000, -0.000084, 0.000065

BONE 41
OFFSET 1.350869, -1.853113, 62.209419
SCALE 1.000000, 1.000000, 1.000000
X 0.000084, 1.000000, -0.000102
Y -0.000065, 0.000102, 1.000000
Z 1.000000, -0.000084, 0.000065

BONE 42
OFFSET -0.586518, 15.845867, 48.643375
SCALE 1.000000, 1.000000, 1.000000
X 0.845160, 0.295647, -0.445305
Y -0.518948, 0.653442, -0.551096
Z 0.128051, 0.696854, 0.705689

BONE 43
OFFSET -0.588460, -15.845901, 48.640953
SCALE 1.000000, 1.000000, 1.000000
X -0.846054, 0.294550, 0.444335
Y 0.517481, 0.654037, 0.551769
Z -0.128088, 0.696761, -0.705774

BONE 44
OFFSET -0.413198, 15.741846, 48.713848
SCALE 1.000000, 1.000000, 1.000000
X 0.844956, 0.295905, -0.445522
Y -0.519281, 0.653326, -0.550920
Z 0.128051, 0.696854, 0.705689

BONE 45
OFFSET -0.415219, -15.742063, 48.711620
SCALE 1.000000, 1.000000, 1.000000
X -0.845850, 0.294808, 0.444553
Y 0.517815, 0.653921, 0.551594
Z -0.128088, 0.696761, -0.705774

BONE 46
OFFSET 1.472157, 1.251440, 65.182388
SCALE 1.000000, 1.000000, 1.000000
X 0.000084, 1.000000, -0.000102
Y -0.000065, 0.000102, 1.000000
Z 1.000000, -0.000084, 0.000065

BONE 47
OFFSET 1.540140, -1.252648, 65.105888
SCALE 1.000000, 1.000000, 1.000000
X 0.000084, 1.000000, -0.000102
Y -0.000065, 0.000102, 1.000000
Z 1.000000, -0.000084, 0.000065

BONE 48
OFFSET 1.472157, 1.251440, 65.182388
SCALE 1.000000, 1.000000, 1.000000
X 0.000084, 1.000000, -0.000102
Y -0.000065, 0.000102, 1.000000
Z 1.000000, -0.000084, 0.000065

BONE 49
OFFSET 1.540140, -1.252648, 65.105888
SCALE 1.000000, 1.000000, 1.000000
X 0.000084, 1.000000, -0.000102
Y -0.000065, 0.000102, 1.000000
Z 1.000000, -0.000084, 0.000065

BONE 50
OFFSET 1.472160, 1.189229, 65.182381
SCALE 1.000000, 1.000000, 1.000000
X 0.000084, 1.000000, -0.000102
Y -0.000065, 0.000102, 1.000000
Z 1.000000, -0.000084, 0.000065

BONE 51
OFFSET 1.540137, -1.168198, 65.105888
SCALE 1.000000, 1.000000, 1.000000
X 0.000084, 1.000000, -0.000102
Y -0.000065, 0.000102, 1.000000
Z 1.000000, -0.000084, 0.000065

BONE 52
OFFSET -0.820741, -0.001275, 69.807663
SCALE 1.000000, 1.000000, 1.000000
X 0.216448, 0.000007, 0.976294
Y 0.976294, -0.000011, -0.216448
Z 0.000009, 1.000000, -0.000009

BONE 53
OFFSET -5.708219, -0.255002, 66.826576
SCALE 1.000000, 1.000000, 1.000000
X -0.889213, -0.058711, -0.453710
Y -0.455094, 0.012092, 0.890361
Z -0.046788, 0.998202, -0.037472

BONE 54
OFFSET -1.166064, -0.000562, 63.428577
SCALE 1.000000, 1.000000, 1.000000
X 0.000084, 1.000000, -0.000102
Y -0.000065, 0.000102, 1.000000
Z 1.000000, -0.000084, 0.000065

BONE 55
OFFSET 2.457630, 0.831831, 63.520626
SCALE 1.000000, 1.000000, 1.000000
X 0.000084, 1.000000, -0.000102
Y -0.000065, 0.000102, 1.000000
Z 1.000000, -0.000084, 0.000065

BONE 56
OFFSET 2.487823, -0.739507, 63.501900
SCALE 1.000000, 1.000000, 1.000000
X 0.000084, 1.000000, -0.000102
Y -0.000065, 0.000102, 1.000000
Z 1.000000, -0.000084, 0.000065

BONE 57
OFFSET 2.683141, 0.290372, 62.193546
SCALE 1.000000, 1.000000, 1.000000
X 0.000084, 1.000000, -0.000102
Y -0.000065, 0.000102, 1.000000
Z 1.000000, -0.000084, 0.000065

BONE 58
OFFSET 2.692395, -0.229419, 62.199589
SCALE 1.000000, 1.000000, 1.000000
X 0.000084, 1.000000, -0.000102
Y -0.000065, 0.000102, 1.000000
Z 1.000000, -0.000084, 0.000065

BONE 59
OFFSET 2.797845, 0.290308, 62.569370
SCALE 1.000000, 1.000000, 1.000000
X 0.000084, 1.000000, -0.000102
Y -0.000065, 0.000102, 1.000000
Z 1.000000, -0.000084, 0.000065

BONE 60
OFFSET 2.809172, -0.240455, 62.568581
SCALE 1.000000, 1.000000, 1.000000
X 0.000084, 1.000000, -0.000102
Y -0.000065, 0.000102, 1.000000
Z 1.000000, -0.000084, 0.000065

BONE 61
OFFSET 2.180024, 1.074919, 62.420216
SCALE 1.000000, 1.000000, 1.000000
X 0.000084, 1.000000, -0.000102
Y -0.000065, 0.000102, 1.000000
Z 1.000000, -0.000084, 0.000065

BONE 62
OFFSET 2.248027, -1.079779, 62.406265
SCALE 1.000000, 1.000000, 1.000000
X 0.000084, 1.000000, -0.000102
Y -0.000065, 0.000102, 1.000000
Z 1.000000, -0.000084, 0.000065

BONE 63
OFFSET -2.991428, 8.031710, 56.538780
SCALE 1.000000, 1.000000, 1.000000
X 0.259038, 0.663347, -0.702047
Y -0.957341, 0.272698, -0.095570
Z 0.128051, 0.696854, 0.705689

BONE 64
OFFSET -3.003908, -8.002035, 56.570164
SCALE 1.000000, 1.000000, 1.000000
X -0.260694, 0.662956, 0.701803
Y 0.956887, 0.273884, 0.096725
Z -0.128088, 0.696761, -0.705774

BONE 65
OFFSET 2.113552, -0.000543, 66.322220
SCALE 1.000000, 1.000000, 1.000000
X 0.939688, 0.000020, 0.342033
Y -0.000031, 1.000000, 0.000027
Z -0.342033, -0.000036, 0.939688

BONE 66
OFFSET -7.486716, -0.372459, 65.919304
SCALE 1.000000, 1.000000, 1.000000
X -0.425744, 0.001596, -0.904842
Y -0.904789, 0.010306, 0.425736
Z 0.010004, 0.999946, -0.002944

BONE 67
OFFSET -1.858069, -0.001348, 71.243065
SCALE 1.000000, 1.000000, 1.000000
X 0.999050, 0.000030, 0.043572
Y -0.000032, 1.000000, 0.000040
Z -0.043572, -0.000041, 0.999050

BONE 68
OFFSET 8.200923, 18.584307, 44.091053
SCALE 1.000000, 1.000000, 1.000000
X 0.781028, 0.300006, -0.547715
Y -0.115382, -0.792628, -0.598688
Z -0.613744, 0.530789, -0.584449

BONE 69
OFFSET 8.197854, -18.584698, 44.087463
SCALE 1.000000, 1.000000, 1.000000
X -0.782047, 0.298979, 0.546821
Y 0.115665, -0.792541, 0.598749
Z 0.612392, 0.531499, 0.585223

BONE 70
OFFSET 5.679456, 17.752407, 45.443588
SCALE 1.000000, 1.000000, 1.000000
X 0.844956, 0.295905, -0.445522
Y -0.519281, 0.653326, -0.550920
Z 0.128051, 0.696854, 0.705689

BONE 71
OFFSET 5.676890, -17.752871, 45.440510
SCALE 1.000000, 1.000000, 1.000000
X -0.845850, 0.294808, 0.444553
Y 0.517815, 0.653921, 0.551594
Z -0.128088, 0.696761, -0.705774

BONE 72
OFFSET -8.338363, -0.369231, 64.109688
SCALE 1.000000, 1.000000, 1.000000
X -0.217583, 0.071745, -0.973401
Y -0.973207, 0.060006, 0.221963
Z 0.074335, 0.995616, 0.056766

BONE 73
OFFSET 11.900506, 18.941822, 43.297646
SCALE 1.000000, 1.000000, 1.000000
X 0.921208, 0.253705, -0.294973
Y -0.052543, -0.670080, -0.740427
Z -0.385505, 0.697586, -0.603953

BONE 74
OFFSET 11.897343, -18.942337, 43.293568
SCALE 1.000000, 1.000000, 1.000000
X -0.921876, 0.252664, 0.293779
Y 0.052318, -0.670062, 0.740459
Z 0.383938, 0.697981, 0.604495

BONE 75
OFFSET 11.389979, 19.640316, 42.703461
SCALE 1.000000, 1.000000, 1.000000
X 0.792961, 0.067844, -0.605484
Y -0.284563, -0.837490, -0.466513
Z -0.538737, 0.542225, -0.644791

BONE 76
OFFSET 11.386626, -19.640745, 42.699272
SCALE 1.000000, 1.000000, 1.000000
X -0.793743, 0.066881, 0.604565
Y 0.285007, -0.837177, 0.466805
Z 0.537348, 0.542828, 0.645442

BONE 77
OFFSET 9.941706, 20.408701, 41.481876
SCALE 1.000000, 1.000000, 1.000000
X 0.721385, -0.098346, -0.685515
Y -0.420680, -0.848536, -0.320959
Z -0.550120, 0.519918, -0.653494

BONE 78
OFFSET 9.938185, -20.408916, 41.477776
SCALE 1.000000, 1.000000, 1.000000
X -0.722070, -0.099312, 0.684655
Y 0.421360, -0.848041, 0.321375
Z 0.548699, 0.520542, 0.654191

BONE 79
OFFSET 10.658212, 20.112759, 42.063408
SCALE 1.000000, 1.000000, 1.000000
X 0.738104, -0.005058, -0.674669
Y -0.324525, -0.879357, -0.348446
Z -0.591512, 0.476136, -0.650698

BONE 80
OFFSET 10.654774, -20.113037, 42.059376
SCALE 1.000000, 1.000000, 1.000000
X -0.738892, -0.006043, 0.673797
Y 0.325211, -0.878984, 0.348746
Z 0.590149, 0.476812, 0.651440

BONE 81
OFFSET 9.323580, 18.471508, 44.179005
SCALE 1.000000, 1.000000, 1.000000
X 0.594933, -0.765586, -0.244813
Y 0.359219, 0.525720, -0.771090
Z 0.719039, 0.370805, 0.587782

BONE 82
OFFSET 9.320530, -18.471945, 44.175358
SCALE 1.000000, 1.000000, 1.000000
X -0.594265, -0.766351, 0.244039
Y -0.360785, 0.525198, 0.770715
Z -0.718807, 0.369963, -0.588595

BONE 83
OFFSET 10.496049, -28.521217, 38.930771
SCALE 1.000000, 1.000000, 1.000000
X 0.999998, 0.001370, -0.001420
Y -0.001369, 0.999999, 0.000284
Z 0.001420, -0.000283, 0.999999

BONE 84
OFFSET 10.487783, -28.518713, 38.931984
SCALE 1.000000, 1.000000, 1.000000
X 1.000000, -0.000743, -0.000001
Y 0.000742, 0.998867, -0.047579
Z 0.000037, 0.047579, 0.998867

BONE 85
OFFSET 13.329871, 19.333273, 42.842117
SCALE 1.000000, 1.000000, 1.000000
X 0.603281, -0.304707, -0.737024
Y -0.698167, -0.648480, -0.303375
Z -0.385505, 0.697586, -0.603953

BONE 86
OFFSET 13.326654, -19.333965, 42.837879
SCALE 1.000000, 1.000000, 1.000000
X -0.603479, -0.305910, 0.736364
Y 0.698929, -0.647446, 0.303829
Z 0.383812, 0.698021, 0.604529

BONE 87
OFFSET 12.862823, 19.764202, 41.581959
SCALE 1.000000, 1.000000, 1.000000
X 0.052016, -0.742485, -0.667840
Y -0.840867, -0.393329, 0.371800
Z -0.538737, 0.542225, -0.644791

BONE 88
OFFSET 12.859315, -19.764652, 41.577259
SCALE 1.000000, 1.000000, 1.000000
X -0.051918, -0.742578, 0.667745
Y 0.841761, -0.392321, -0.370840
Z 0.537348, 0.542828, 0.645442

BONE 89
OFFSET 10.807312, 20.289602, 40.661316
SCALE 1.000000, 1.000000, 1.000000
X 0.103500, -0.734064, -0.671147
Y -0.828647, -0.436848, 0.350011
Z -0.550120, 0.519918, -0.653494

BONE 90
OFFSET 10.803705, -20.289768, 40.657135
SCALE 1.000000, 1.000000, 1.000000
X -0.103432, -0.734227, 0.670979
Y 0.829597, -0.435830, -0.349029
Z 0.548699, 0.520542, 0.654191

BONE 91
OFFSET 11.901233, 20.102589, 40.930183
SCALE 1.000000, 1.000000, 1.000000
X 0.112440, -0.750425, -0.651322
Y -0.798418, -0.458429, 0.390349
Z -0.591512, 0.476136, -0.650698

BONE 92
OFFSET 11.897652, -20.102758, 40.925659
SCALE 1.000000, 1.000000, 1.000000
X -0.112215, -0.750658, 0.651091
Y 0.799457, -0.457343, -0.389495
Z 0.590149, 0.476812, 0.651440

BONE 93
OFFSET 10.753212, 16.627716, 43.591869
SCALE 1.000000, 1.000000, 1.000000
X 0.686177, -0.512907, -0.515836
Y 0.110203, 0.774228, -0.623238
Z 0.719039, 0.370805, 0.587782

BONE 94
OFFSET 10.750202, -16.628189, 43.587967
SCALE 1.000000, 1.000000, 1.000000
X -0.686144, -0.513812, 0.514978
Y -0.111904, 0.774031, 0.623180
Z -0.718807, 0.369963, -0.588595

BONE 95
OFFSET 13.916747, 19.036291, 42.126602
SCALE 1.000000, 1.000000, 1.000000
X 0.244862, -0.553734, -0.795878
Y -0.889622, -0.454700, 0.042655
Z -0.385505, 0.697586, -0.603953

BONE 96
OFFSET 13.913137, -19.036606, 42.122356
SCALE 1.000000, 1.000000, 1.000000
X -0.245447, -0.553895, 0.795586
Y 0.890171, -0.453754, -0.041280
Z 0.383865, 0.698075, 0.604433

BONE 97
OFFSET 12.919989, 18.946255, 40.846382
SCALE 1.000000, 1.000000, 1.000000
X -0.279801, -0.837068, -0.470137
Y -0.794653, -0.072867, 0.602674
Z -0.538737, 0.542225, -0.644791

BONE 98
OFFSET 12.916506, -18.946640, 40.841892
SCALE 1.000000, 1.000000, 1.000000
X 0.280240, -0.836760, 0.470423
Y 0.795439, -0.071902, -0.601753
Z 0.537348, 0.542828, 0.645442

BONE 99
OFFSET 10.878674, 19.782560, 40.197983
SCALE 1.000000, 1.000000, 1.000000
X -0.338577, -0.854206, -0.394585
Y -0.763370, 0.004189, 0.645948
Z -0.550120, 0.519918, -0.653494

BONE 100
OFFSET 10.875072, -19.782728, 40.193760
SCALE 1.000000, 1.000000, 1.000000
X 0.339174, -0.853821, 0.394907
Y 0.764127, 0.005199, -0.645044
Z 0.548699, 0.520542, 0.654191

BONE 101
OFFSET 12.007087, 19.394835, 40.316231
SCALE 1.000000, 1.000000, 1.000000
X -0.166397, -0.861735, -0.479296
Y -0.788939, -0.175235, 0.588954
Z -0.591512, 0.476136, -0.650698

BONE 102
OFFSET 12.003412, -19.394903, 40.311962
SCALE 1.000000, 1.000000, 1.000000
X 0.166962, -0.861584, 0.479370
Y 0.789840, -0.174134, -0.588073
Z 0.590149, 0.476812, 0.651440

BONE 103
OFFSET 11.572823, 16.013918, 42.976772
SCALE 1.000000, 1.000000, 1.000000
X 0.676072, -0.177321, -0.715181
Y -0.160967, 0.911625, -0.378191
Z 0.719039, 0.370805, 0.587782

BONE 104
OFFSET 11.569781, -16.014347, 42.972836
SCALE 1.000000, 1.000000, 1.000000
X -0.676693, -0.178233, 0.714366
Y 0.159383, 0.911790, 0.378467
Z -0.718807, 0.369963, -0.588595

NUMVERTS 685

VERT 0
OFFSET -8.347708, 0.167233, 41.296955
BONES 1
BONE 2 1.000000

VERT 1
OFFSET -9.092507, 0.017587, 38.976711
BONES 1
BONE 2 1.000000

VERT 2
OFFSET -8.461240, 4.470167, 39.428837
BONES 1
BONE 2 1.000000

VERT 3
OFFSET -7.930980, -4.563031, 40.626652
BONES 1
BONE 2 1.000000

VERT 4
OFFSET -9.092507, 0.017587, 38.976711
BONES 1
BONE 2 1.000000

VERT 5
OFFSET -8.347708, 0.167233, 41.296955
BONES 1
BONE 2 1.000000

VERT 6
OFFSET -7.219765, -4.427712, 42.817215
BONES 1
BONE 2 1.000000

VERT 7
OFFSET -3.811565, -6.996477, 40.661190
BONES 1
BONE 2 1.000000

VERT 8
OFFSET -3.369657, -6.344555, 42.894165
BONES 1
BONE 2 1.000000

VERT 9
OFFSET 1.486863, -4.949039, 41.012634
BONES 1
BONE 2 1.000000

VERT 10
OFFSET -6.115569, 8.204414, 9.974438
BONES 1
BONE 11 1.000000

VERT 11
OFFSET -10.022140, 4.252267, 10.291186
BONES 1
BONE 11 1.000000

VERT 12
OFFSET -6.628577, 0.571897, 9.785379
BONES 1
BONE 11 1.000000

VERT 13
OFFSET -2.094465, 4.098391, 9.156355
BONES 1
BONE 11 1.000000

VERT 14
OFFSET -6.115569, 8.204414, 9.974438
BONES 1
BONE 11 1.000000

VERT 15
OFFSET -6.628577, 0.571897, 9.785379
BONES 1
BONE 11 1.000000

VERT 16
OFFSET -6.115569, -8.204418, 9.974438
BONES 1
BONE 12 1.000000

VERT 17
OFFSET -6.628577, -0.571901, 9.785379
BONES 1
BONE 12 1.000000

VERT 18
OFFSET -10.022140, -4.252271, 10.291186
BONES 1
BONE 12 1.000000

VERT 19
OFFSET -2.094465, -4.098395, 9.156355
BONES 1
BONE 12 1.000000

VERT 20
OFFSET -6.628577, -0.571901, 9.785379
BONES 1
BONE 12 1.000000

VERT 21
OFFSET -6.115569, -8.204418, 9.974438
BONES 1
BONE 12 1.000000

VERT 22
OFFSET -9.489570, 3.975540, -0.021712
BONES 1
BONE 15 1.000000

VERT 23
OFFSET -6.903026, 2.015402, 0.066354
BONES 1
BONE 15 1.000000

VERT 24
OFFSET -6.103803, 6.286325, 0.103284
BONES 1
BONE 15 1.000000

VERT 25
OFFSET -9.489570, -3.975544, -0.021712
BONES 1
BONE 16 1.000000

VERT 26
OFFSET -6.103803, -6.286329, 0.103284
BONES 1
BONE 16 1.000000

VERT 27
OFFSET -6.903026, -2.015406, 0.066354
BONES 1
BONE 16 1.000000

VERT 28
OFFSET -4.997972, -0.000002, 59.461510
BONES 1
BONE 19 1.000000

VERT 29
OFFSET -4.639287, -0.000002, 62.008881
BONES 1
BONE 19 1.000000

VERT 30
OFFSET -2.530621, -3.280342, 60.426598
BONES 1
BONE 19 1.000000

VERT 31
OFFSET -4.639287, -0.000002, 62.008881
BONES 1
BONE 19 1.000000

VERT 32
OFFSET -4.997972, -0.000002, 59.461510
BONES 1
BONE 19 1.000000

VERT 33
OFFSET -2.457215, 3.117906, 60.968746
BONES 1
BONE 19 1.000000

VERT 34
OFFSET 2.511713, 0.012331, 52.219120
BONES 1
BONE 19 1.000000

VERT 35
OFFSET 4.527730, -2.233614, 51.946293
BONES 1
BONE 19 1.000000

VERT 36
OFFSET 0.654441, -2.152706, 55.853168
BONES 1
BONE 19 1.000000

VERT 37
OFFSET 0.169343, -0.000002, 55.627857
BONES 1
BONE 19 1.000000

VERT 38
OFFSET 0.434416, 3.041143, 56.189594
BONES 1
BONE 19 1.000000

VERT 39
OFFSET 4.580319, 1.768683, 52.114017
BONES 1
BONE 19 1.000000

VERT 40
OFFSET -2.530621, -3.280342, 60.426598
BONES 1
BONE 19 1.000000

VERT 41
OFFSET 0.654441, -2.152706, 55.853168
BONES 1
BONE 19 1.000000

VERT 42
OFFSET 0.583831, -4.598763, 57.816292
BONES 1
BONE 19 1.000000

VERT 43
OFFSET 0.169343, -0.000002, 55.627857
BONES 1
BONE 19 1.000000

VERT 44
OFFSET -4.639287, -0.000002, 62.008881
BONES 1
BONE 19 1.000000

VERT 45
OFFSET -4.639287, -0.000002, 62.008881
BONES 1
BONE 19 1.000000

VERT 46
OFFSET -2.457215, 3.117906, 60.968746
BONES 1
BONE 19 1.000000

VERT 47
OFFSET 0.169343, -0.000002, 55.627857
BONES 1
BONE 19 1.000000

VERT 48
OFFSET 0.434416, 3.041143, 56.189594
BONES 1
BONE 19 1.000000

VERT 49
OFFSET 1.567132, 4.744844, 58.766041
BONES 1
BONE 19 1.000000

VERT 50
OFFSET 1.221015, -4.670298, 40.988365
BONES 1
BONE 2 1.000000

VERT 51
OFFSET 1.706617, -0.000002, 40.494061
BONES 1
BONE 2 1.000000

VERT 52
OFFSET -3.105783, 3.836414, 9.020845
BONES 1
BONE 11 1.000000

VERT 53
OFFSET -3.105783, -3.836418, 9.020845
BONES 1
BONE 12 1.000000

VERT 54
OFFSET 1.848260, -1.274994, 39.329987
BONES 1
BONE 2 1.000000

VERT 55
OFFSET -6.750916, -0.000002, 42.886131
BONES 1
BONE 2 1.000000

VERT 56
OFFSET -7.080385, -4.293737, 42.722588
BONES 1
BONE 2 1.000000

VERT 57
OFFSET -3.303267, -6.453375, 42.222580
BONES 1
BONE 2 1.000000

VERT 58
OFFSET 1.221015, -4.670298, 40.988365
BONES 1
BONE 2 1.000000

VERT 59
OFFSET -3.303267, -6.453375, 42.222580
BONES 1
BONE 2 1.000000

VERT 60
OFFSET 1.706617, -0.000002, 40.494061
BONES 1
BONE 2 1.000000

VERT 61
OFFSET 1.221015, -4.670298, 40.988365
BONES 1
BONE 2 1.000000

VERT 62
OFFSET -6.115569, -8.204418, 9.974438
BONES 1
BONE 12 1.000000

VERT 63
OFFSET -10.022140, -4.252271, 10.291186
BONES 1
BONE 12 1.000000

VERT 64
OFFSET -6.628577, -0.571901, 9.785379
BONES 1
BONE 12 1.000000

VERT 65
OFFSET -6.750916, -0.000002, 42.886131
BONES 1
BONE 2 1.000000

VERT 66
OFFSET -7.080385, -4.293737, 42.722588
BONES 1
BONE 2 1.000000

VERT 67
OFFSET -3.303267, -6.453375, 42.222580
BONES 1
BONE 2 1.000000

VERT 68
OFFSET -6.115569, -8.204418, 9.974438
BONES 1
BONE 12 1.000000

VERT 69
OFFSET -2.094465, -4.098395, 9.156355
BONES 1
BONE 12 1.000000

VERT 70
OFFSET -6.750916, -0.000002, 42.886131
BONES 1
BONE 2 1.000000

VERT 71
OFFSET -7.080385, 4.293733, 42.722588
BONES 1
BONE 2 1.000000

VERT 72
OFFSET -3.303267, 6.453371, 42.222580
BONES 1
BONE 2 1.000000

VERT 73
OFFSET 1.221015, 4.670294, 40.988365
BONES 1
BONE 2 1.000000

VERT 74
OFFSET -6.628577, 0.571897, 9.785379
BONES 1
BONE 11 1.000000

VERT 75
OFFSET -10.022140, 4.252267, 10.291186
BONES 1
BONE 11 1.000000

VERT 76
OFFSET -6.115569, 8.204414, 9.974438
BONES 1
BONE 11 1.000000

VERT 77
OFFSET 1.706617, -0.000002, 40.494061
BONES 1
BONE 2 1.000000

VERT 78
OFFSET -6.115569, 8.204414, 9.974438
BONES 1
BONE 11 1.000000

VERT 79
OFFSET -2.094465, 4.098391, 9.156355
BONES 1
BONE 11 1.000000

VERT 80
OFFSET -6.628577, -0.571901, 9.785379
BONES 1
BONE 12 1.000000

VERT 81
OFFSET -2.094465, -4.098395, 9.156355
BONES 1
BONE 12 1.000000

VERT 82
OFFSET -6.750916, -0.000002, 42.886131
BONES 1
BONE 2 1.000000

VERT 83
OFFSET -7.080385, 4.293733, 42.722588
BONES 1
BONE 2 1.000000

VERT 84
OFFSET -3.303267, 6.453371, 42.222580
BONES 1
BONE 2 1.000000

VERT 85
OFFSET 1.221015, 4.670294, 40.988365
BONES 1
BONE 2 1.000000

VERT 86
OFFSET -3.303267, 6.453371, 42.222580
BONES 1
BONE 2 1.000000

VERT 87
OFFSET 1.706617, -0.000002, 40.494061
BONES 1
BONE 2 1.000000

VERT 88
OFFSET 1.221015, 4.670294, 40.988365
BONES 1
BONE 2 1.000000

VERT 89
OFFSET -6.628577, 0.571897, 9.785379
BONES 1
BONE 11 1.000000

VERT 90
OFFSET -2.094465, 4.098391, 9.156355
BONES 1
BONE 11 1.000000

VERT 91
OFFSET -3.382490, -6.285067, 43.137665
BONES 1
BONE 2 1.000000

VERT 92
OFFSET -0.604324, -6.344146, 42.372742
BONES 1
BONE 2 1.000000

VERT 93
OFFSET -9.489570, 3.975540, -0.021712
BONES 1
BONE 15 1.000000

VERT 94
OFFSET -6.103803, 6.286325, 0.103284
BONES 1
BONE 15 1.000000

VERT 95
OFFSET -6.046914, 6.525473, 9.642597
BONES 1
BONE 11 1.000000

VERT 96
OFFSET -9.137826, 2.965828, 10.247125
BONES 1
BONE 11 1.000000

VERT 97
OFFSET -3.105783, 3.836414, 9.020845
BONES 1
BONE 11 1.000000

VERT 98
OFFSET -5.914407, 1.452237, 9.800948
BONES 1
BONE 11 1.000000

VERT 99
OFFSET -9.137826, 2.965828, 10.247125
BONES 1
BONE 11 1.000000

VERT 100
OFFSET 1.993116, 4.335947, 2.430456
BONES 1
BONE 20 1.000000

VERT 101
OFFSET 2.628189, 4.603570, 0.742190
BONES 1
BONE 20 1.000000

VERT 102
OFFSET -6.903026, 2.015402, 0.066354
BONES 1
BONE 15 1.000000

VERT 103
OFFSET -9.489570, 3.975540, -0.021712
BONES 1
BONE 15 1.000000

VERT 104
OFFSET 2.628189, 4.603570, 0.742190
BONES 1
BONE 20 1.000000

VERT 105
OFFSET -6.103803, 6.286325, 0.103284
BONES 1
BONE 15 1.000000

VERT 106
OFFSET -6.903026, 2.015402, 0.066354
BONES 1
BONE 15 1.000000

VERT 107
OFFSET 2.628189, 4.603570, 0.742190
BONES 1
BONE 20 1.000000

VERT 108
OFFSET 1.993116, 4.335947, 2.430456
BONES 1
BONE 20 1.000000

VERT 109
OFFSET -9.489570, -3.975544, -0.021712
BONES 1
BONE 16 1.000000

VERT 110
OFFSET -6.103803, -6.286329, 0.103284
BONES 1
BONE 16 1.000000

VERT 111
OFFSET -6.046914, -6.525477, 9.642597
BONES 1
BONE 12 1.000000

VERT 112
OFFSET -9.137826, -2.965832, 10.247125
BONES 1
BONE 12 1.000000

VERT 113
OFFSET 1.993116, -4.335951, 2.430456
BONES 1
BONE 21 1.000000

VERT 114
OFFSET 2.628189, -4.603574, 0.742190
BONES 1
BONE 21 1.000000

VERT 115
OFFSET -6.903026, -2.015406, 0.066354
BONES 1
BONE 16 1.000000

VERT 116
OFFSET -9.489570, -3.975544, -0.021712
BONES 1
BONE 16 1.000000

VERT 117
OFFSET -3.105783, -3.836418, 9.020845
BONES 1
BONE 12 1.000000

VERT 118
OFFSET -5.914407, -1.452241, 9.800948
BONES 1
BONE 12 1.000000

VERT 119
OFFSET -9.137826, -2.965832, 10.247125
BONES 1
BONE 12 1.000000

VERT 120
OFFSET 2.628189, -4.603574, 0.742190
BONES 1
BONE 21 1.000000

VERT 121
OFFSET -6.103803, -6.286329, 0.103284
BONES 1
BONE 16 1.000000

VERT 122
OFFSET -6.903026, -2.015406, 0.066354
BONES 1
BONE 16 1.000000

VERT 123
OFFSET 1.993116, -4.335951, 2.430456
BONES 1
BONE 21 1.000000

VERT 124
OFFSET 2.628189, -4.603574, 0.742190
BONES 1
BONE 21 1.000000

VERT 125
OFFSET 1.567132, 4.744844, 58.766041
BONES 1
BONE 19 1.000000

VERT 126
OFFSET 0.434416, 3.041143, 56.189594
BONES 1
BONE 19 1.000000

VERT 127
OFFSET 0.583831, -4.598763, 57.816292
BONES 1
BONE 19 1.000000

VERT 128
OFFSET 0.654441, -2.152706, 55.853168
BONES 1
BONE 19 1.000000

VERT 129
OFFSET -4.997972, -0.000002, 59.461510
BONES 1
BONE 19 1.000000

VERT 130
OFFSET -6.288116, -0.000002, 57.971394
BONES 1
BONE 19 1.000000

VERT 131
OFFSET -7.081561, -0.000002, 52.622955
BONES 1
BONE 19 1.000000

VERT 132
OFFSET -3.536405, 3.971588, 4.337158
BONES 2
BONE 15 0.874998
BONE 11 0.125002

VERT 133
OFFSET -5.967747, 6.183672, 3.797838
BONES 2
BONE 15 0.929686
BONE 11 0.070314

VERT 134
OFFSET -3.536405, -3.971592, 4.337158
BONES 2
BONE 16 0.874998
BONE 12 0.125002

VERT 135
OFFSET -5.967747, -6.183676, 3.797838
BONES 2
BONE 16 0.929686
BONE 12 0.070314

VERT 136
OFFSET -1.054336, 15.870719, 51.167591
BONES 2
BONE 33 0.921874
BONE 63 0.078126

VERT 137
OFFSET 0.759664, 13.102524, 49.100723
BONES 2
BONE 33 0.894530
BONE 63 0.105470

VERT 138
OFFSET 0.759664, -13.102529, 49.100723
BONES 2
BONE 35 0.894530
BONE 64 0.105470

VERT 139
OFFSET -1.054336, -15.870724, 51.167591
BONES 2
BONE 35 0.921874
BONE 64 0.078126

VERT 140
OFFSET 0.759664, -13.102529, 49.100723
BONES 2
BONE 35 0.894530
BONE 64 0.105470

VERT 141
OFFSET -4.137029, -15.143772, 49.036747
BONES 2
BONE 35 0.925780
BONE 64 0.074220

VERT 142
OFFSET -2.277787, -12.678679, 45.927395
BONES 2
BONE 35 0.910155
BONE 64 0.089845

VERT 143
OFFSET -2.168265, -12.038267, 47.641361
BONES 2
BONE 35 0.820310
BONE 64 0.179690

VERT 144
OFFSET -0.874032, 7.753034, 36.118664
BONES 2
BONE 9 0.746090
BONE 2 0.253910

VERT 145
OFFSET 0.067458, 7.079010, 36.338566
BONES 2
BONE 9 0.695308
BONE 2 0.304692

VERT 146
OFFSET 1.049059, 4.917302, 34.209942
BONES 2
BONE 9 0.847654
BONE 2 0.152346

VERT 147
OFFSET 1.454996, 4.930045, 36.857841
BONES 2
BONE 9 0.507805
BONE 2 0.492195

VERT 148
OFFSET -3.430402, 8.007089, 36.929180
BONES 2
BONE 9 0.499992
BONE 2 0.500008

VERT 149
OFFSET -3.691533, 8.261056, 34.547947
BONES 2
BONE 9 0.910155
BONE 2 0.089845

VERT 150
OFFSET -9.166425, 4.668514, 37.235699
BONES 2
BONE 2 0.890623
BONE 9 0.109377

VERT 151
OFFSET 1.454996, 4.930045, 36.857841
BONES 2
BONE 9 0.507805
BONE 2 0.492195

VERT 152
OFFSET 1.049059, 4.917302, 34.209942
BONES 2
BONE 9 0.847654
BONE 2 0.152346

VERT 153
OFFSET 1.732127, -1.043919, 36.728279
BONES 2
BONE 2 0.949218
BONE 10 0.050782

VERT 154
OFFSET 1.342296, -5.196631, 38.412281
BONES 2
BONE 2 0.894530
BONE 10 0.105470

VERT 155
OFFSET -7.508339, -4.217525, 18.923388
BONES 2
BONE 12 0.675776
BONE 5 0.324224

VERT 156
OFFSET -3.499334, -0.474083, 20.141485
BONES 2
BONE 5 0.781247
BONE 12 0.218753

VERT 157
OFFSET -7.473508, -4.247497, 21.812098
BONES 2
BONE 5 0.867185
BONE 12 0.132815

VERT 158
OFFSET -3.655164, -0.495503, 29.737244
BONES 2
BONE 10 0.949218
BONE 5 0.050782

VERT 159
OFFSET -7.637167, -4.725867, 30.304825
BONES 2
BONE 10 0.871092
BONE 5 0.128908

VERT 160
OFFSET -8.859733, -4.679208, 37.134605
BONES 2
BONE 2 0.816403
BONE 10 0.183597

VERT 161
OFFSET -3.556848, -7.980881, 35.327408
BONES 2
BONE 10 0.769528
BONE 2 0.230472

VERT 162
OFFSET -7.637167, -4.725867, 30.304825
BONES 2
BONE 10 0.871092
BONE 5 0.128908

VERT 163
OFFSET -7.473508, -4.247497, 21.812098
BONES 2
BONE 5 0.867185
BONE 12 0.132815

VERT 164
OFFSET -7.508339, -4.217525, 18.923388
BONES 2
BONE 12 0.675776
BONE 5 0.324224

VERT 165
OFFSET -3.655164, 0.495499, 29.737244
BONES 2
BONE 9 0.949218
BONE 4 0.050782

VERT 166
OFFSET -7.637167, 4.725863, 30.304825
BONES 2
BONE 9 0.874998
BONE 4 0.125002

VERT 167
OFFSET -8.859733, 4.679204, 37.134605
BONES 2
BONE 2 0.820310
BONE 9 0.179690

VERT 168
OFFSET -3.556848, 7.980877, 35.327408
BONES 2
BONE 9 0.769528
BONE 2 0.230472

VERT 169
OFFSET -7.473508, 4.247493, 21.812098
BONES 2
BONE 4 0.874998
BONE 11 0.125002

VERT 170
OFFSET -3.499334, 0.474079, 20.141485
BONES 2
BONE 4 0.781247
BONE 11 0.218753

VERT 171
OFFSET -7.637167, 4.725863, 30.304825
BONES 2
BONE 9 0.874998
BONE 4 0.125002

VERT 172
OFFSET -7.473508, 4.247493, 21.812098
BONES 2
BONE 4 0.874998
BONE 11 0.125002

VERT 173
OFFSET -3.499334, -0.474083, 20.141485
BONES 2
BONE 5 0.781247
BONE 12 0.218753

VERT 174
OFFSET -3.655164, -0.495503, 29.737244
BONES 2
BONE 10 0.949218
BONE 5 0.050782

VERT 175
OFFSET -3.655164, 0.495499, 29.737244
BONES 2
BONE 9 0.949218
BONE 4 0.050782

VERT 176
OFFSET -3.499334, 0.474079, 20.141485
BONES 2
BONE 4 0.781247
BONE 11 0.218753

VERT 177
OFFSET -1.671837, -7.385833, 38.760338
BONES 2
BONE 2 0.859373
BONE 10 0.140627

VERT 178
OFFSET -4.750152, -8.975084, 25.920452
BONES 2
BONE 5 0.749996
BONE 10 0.250004

VERT 179
OFFSET -5.854959, -8.752819, 28.245754
BONES 2
BONE 10 0.511711
BONE 5 0.488289

VERT 180
OFFSET -4.029517, -7.416646, 39.216450
BONES 2
BONE 2 0.960937
BONE 10 0.039063

VERT 181
OFFSET -4.029517, -7.416646, 39.216450
BONES 2
BONE 2 0.960937
BONE 10 0.039063

VERT 182
OFFSET -1.671837, -7.385833, 38.760338
BONES 2
BONE 2 0.859373
BONE 10 0.140627

VERT 183
OFFSET -8.972345, 3.433831, 4.966490
BONES 2
BONE 15 0.835935
BONE 11 0.164065

VERT 184
OFFSET -5.967747, 6.183672, 3.797838
BONES 2
BONE 15 0.929686
BONE 11 0.070314

VERT 185
OFFSET 0.389752, 6.072782, 1.867731
BONES 2
BONE 20 0.917967
BONE 15 0.082033

VERT 186
OFFSET -0.016676, 6.677858, 0.200558
BONES 2
BONE 20 0.968750
BONE 15 0.031250

VERT 187
OFFSET -3.536405, 3.971588, 4.337158
BONES 2
BONE 15 0.874998
BONE 11 0.125002

VERT 188
OFFSET -0.432628, 3.905931, 2.655723
BONES 2
BONE 20 0.511711
BONE 15 0.488289

VERT 189
OFFSET 0.539935, 2.349971, 1.759419
BONES 2
BONE 20 0.832029
BONE 15 0.167971

VERT 190
OFFSET -6.337492, 2.234656, 4.209249
BONES 2
BONE 15 0.882811
BONE 11 0.117189

VERT 191
OFFSET -8.972345, 3.433831, 4.966490
BONES 2
BONE 15 0.835935
BONE 11 0.164065

VERT 192
OFFSET 0.455772, 1.917440, 0.249517
BONES 2
BONE 20 0.753902
BONE 15 0.246098

VERT 193
OFFSET -0.016676, 6.677858, 0.200558
BONES 2
BONE 20 0.968750
BONE 15 0.031250

VERT 194
OFFSET 0.455772, 1.917440, 0.249517
BONES 2
BONE 20 0.753902
BONE 15 0.246098

VERT 195
OFFSET -0.016676, 6.677858, 0.200558
BONES 2
BONE 20 0.968750
BONE 15 0.031250

VERT 196
OFFSET -8.972345, -3.433835, 4.966490
BONES 2
BONE 16 0.835935
BONE 12 0.164065

VERT 197
OFFSET -5.967747, -6.183676, 3.797838
BONES 2
BONE 16 0.929686
BONE 12 0.070314

VERT 198
OFFSET 0.389752, -6.072786, 1.867731
BONES 2
BONE 21 0.917967
BONE 16 0.082033

VERT 199
OFFSET -0.016676, -6.677862, 0.200558
BONES 2
BONE 21 0.968750
BONE 16 0.031250

VERT 200
OFFSET -3.536405, -3.971592, 4.337158
BONES 2
BONE 16 0.874998
BONE 12 0.125002

VERT 201
OFFSET -0.432628, -3.905935, 2.655723
BONES 2
BONE 21 0.511711
BONE 16 0.488289

VERT 202
OFFSET 0.539935, -2.349975, 1.759419
BONES 2
BONE 21 0.832029
BONE 16 0.167971

VERT 203
OFFSET 0.455772, -1.917445, 0.249517
BONES 2
BONE 21 0.753902
BONE 16 0.246098

VERT 204
OFFSET -6.337492, -2.234660, 4.209249
BONES 2
BONE 16 0.882811
BONE 12 0.117189

VERT 205
OFFSET -8.972345, -3.433835, 4.966490
BONES 2
BONE 16 0.835935
BONE 12 0.164065

VERT 206
OFFSET 0.455772, -1.917445, 0.249517
BONES 2
BONE 21 0.753902
BONE 16 0.246098

VERT 207
OFFSET -0.016676, -6.677862, 0.200558
BONES 2
BONE 21 0.968750
BONE 16 0.031250

VERT 208
OFFSET -0.016676, -6.677862, 0.200558
BONES 2
BONE 21 0.968750
BONE 16 0.031250

VERT 209
OFFSET 3.533550, 5.098278, 51.629078
BONES 2
BONE 19 0.984375
BONE 14 0.015625

VERT 210
OFFSET 3.533253, -5.089396, 51.659981
BONES 2
BONE 19 0.984375
BONE 14 0.015625

VERT 211
OFFSET 0.759664, 13.102524, 49.100723
BONES 2
BONE 33 0.894530
BONE 63 0.105470

VERT 212
OFFSET -1.054336, 15.870719, 51.167591
BONES 2
BONE 33 0.921874
BONE 63 0.078126

VERT 213
OFFSET -4.137029, 15.143766, 49.036747
BONES 2
BONE 33 0.925780
BONE 63 0.074220

VERT 214
OFFSET -2.277787, 12.678673, 45.927395
BONES 2
BONE 33 0.910155
BONE 63 0.089845

VERT 215
OFFSET 0.759664, 13.102524, 49.100723
BONES 2
BONE 33 0.894530
BONE 63 0.105470

VERT 216
OFFSET -4.137029, 15.143766, 49.036747
BONES 2
BONE 33 0.925780
BONE 63 0.074220

VERT 217
OFFSET -1.054336, 15.870719, 51.167591
BONES 2
BONE 33 0.921874
BONE 63 0.078126

VERT 218
OFFSET -2.168265, 12.038262, 47.641361
BONES 2
BONE 33 0.820310
BONE 63 0.179690

VERT 219
OFFSET -2.277787, 12.678673, 45.927395
BONES 2
BONE 33 0.910155
BONE 63 0.089845

VERT 220
OFFSET -2.168265, 12.038262, 47.641361
BONES 2
BONE 33 0.820310
BONE 63 0.179690

VERT 221
OFFSET -2.277787, 12.678673, 45.927395
BONES 2
BONE 33 0.910155
BONE 63 0.089845

VERT 222
OFFSET -4.137029, -15.143772, 49.036747
BONES 2
BONE 35 0.925780
BONE 64 0.074220

VERT 223
OFFSET -1.054336, -15.870724, 51.167591
BONES 2
BONE 35 0.921874
BONE 64 0.078126

VERT 224
OFFSET 0.759664, -13.102529, 49.100723
BONES 2
BONE 35 0.894530
BONE 64 0.105470

VERT 225
OFFSET -2.277787, -12.678679, 45.927395
BONES 2
BONE 35 0.910155
BONE 64 0.089845

VERT 226
OFFSET -4.137029, -15.143772, 49.036747
BONES 2
BONE 35 0.925780
BONE 64 0.074220

VERT 227
OFFSET -1.054336, -15.870724, 51.167591
BONES 2
BONE 35 0.921874
BONE 64 0.078126

VERT 228
OFFSET -4.137029, -15.143772, 49.036747
BONES 2
BONE 35 0.925780
BONE 64 0.074220

VERT 229
OFFSET -2.168265, -12.038267, 47.641361
BONES 2
BONE 35 0.820310
BONE 64 0.179690

